  -1.3201978e+00  -7.2507912e-01  -5.5629363e-01   1.0000000e+00   1.2269400e+03   3.4097700e+01   1.0000000e+00
  -1.3255773e+00  -6.5305058e-01  -5.2393953e-01   1.0000000e+00   1.1579900e+03   2.9695400e+01   1.0000000e+00
  -1.3270969e+00  -5.7873316e-01  -5.0169740e-01   1.0000000e+00   1.0923200e+03   2.8680500e+01   1.0000000e+00
  -1.3316678e+00  -5.0802962e-01  -4.9407502e-01   1.0000000e+00   1.0352300e+03   2.4883000e+01   1.0000000e+00
  -1.3372178e+00  -4.4125125e-01  -4.9485361e-01   1.0000000e+00   9.8338900e+02   2.0394300e+01   1.0000000e+00
  -1.3414968e+00  -3.7907191e-01  -4.9442938e-01   1.0000000e+00   9.3435400e+02   1.6691000e+01   1.0000000e+00
  -1.3472734e+00  -3.1364893e-01  -4.8246364e-01   1.0000000e+00   8.8032400e+02   1.2162000e+01   1.0000000e+00
  -1.3514988e+00  -2.4752225e-01  -4.6968516e-01   1.0000000e+00   8.2594300e+02   8.8057100e+00   1.0000000e+00
  -1.3494337e+00  -1.8781528e-01  -4.6297946e-01   1.0000000e+00   7.7771700e+02   1.1083300e+01   1.0000000e+00
  -1.3404927e+00  -1.3682386e-01  -4.6232039e-01   1.0000000e+00   7.3710900e+02   1.8913000e+01   1.0000000e+00
  -1.3258054e+00  -9.0189137e-02  -4.5985849e-01   1.0000000e+00   6.9984900e+02   3.1608900e+01   1.0000000e+00
  -1.3097508e+00  -4.7675319e-02  -4.5430178e-01   1.0000000e+00   6.6594600e+02   4.5268800e+01   1.0000000e+00
  -1.3013776e+00  -1.7591834e-02  -4.5196621e-01   1.0000000e+00   6.4218000e+02   5.2344300e+01   1.0000000e+00
  -1.3052150e+00  -8.4210095e-04  -4.5971887e-01   1.0000000e+00   6.2921900e+02   4.9420800e+01   1.0000000e+00
  -1.3116143e+00   2.0506209e-02  -4.7095261e-01   1.0000000e+00   6.1240800e+02   4.4462000e+01   1.0000000e+00
  -1.3111453e+00   5.0342986e-02  -4.8143752e-01   1.0000000e+00   5.8878800e+02   4.5280400e+01   1.0000000e+00
  -1.3022691e+00   7.9321023e-02  -4.9739379e-01   1.0000000e+00   5.6544300e+02   5.3159800e+01   1.0000000e+00
  -1.2895017e+00   9.8802521e-02  -5.2390384e-01   1.0000000e+00   5.4952100e+02   6.4530900e+01   1.0000000e+00
  -1.2711158e+00   1.1249744e-01  -5.6119384e-01   1.0000000e+00   5.3763700e+02   8.1500000e+01   1.0000000e+00
  -1.2466102e+00   1.2225993e-01  -6.0923488e-01   1.0000000e+00   5.2865700e+02   1.0502800e+02   1.0000000e+00
  -1.2157818e+00   1.2869235e-01  -6.6814154e-01   1.0000000e+00   5.2185000e+02   1.3644200e+02   1.0000000e+00
  -1.1783565e+00   1.3074263e-01  -7.3334388e-01   1.0000000e+00   5.1866300e+02   1.7658300e+02   1.0000000e+00
  -1.1400454e+00   1.2451444e-01  -7.9568312e-01   1.0000000e+00   5.2328100e+02   2.2091000e+02   1.0000000e+00
  -1.1105610e+00   1.1149430e-01  -8.3854077e-01   1.0000000e+00   5.3542300e+02   2.5610300e+02   1.0000000e+00
  -1.0897819e+00   9.4589071e-02  -8.6206794e-01   1.0000000e+00   5.5224900e+02   2.8032400e+02   1.0000000e+00
  -1.0749971e+00   7.5094774e-02  -8.7165446e-01   1.0000000e+00   5.7200000e+02   2.9637500e+02   1.0000000e+00
  -1.0650516e+00   5.3213037e-02  -8.6717849e-01   1.0000000e+00   5.9397600e+02   3.0469500e+02   1.0000000e+00
  -1.0581437e+00   2.6201700e-02  -8.4451779e-01   1.0000000e+00   6.2019700e+02   3.0604300e+02   1.0000000e+00
  -1.0534347e+00  -6.9888077e-03  -8.0644101e-01   1.0000000e+00   6.5032700e+02   3.0204200e+02   1.0000000e+00
  -1.0489458e+00  -4.4027627e-02  -7.6019688e-01   1.0000000e+00   6.8173900e+02   2.9652700e+02   1.0000000e+00
  -1.0420535e+00  -8.7018324e-02  -7.1065747e-01   1.0000000e+00   7.1595500e+02   2.9294100e+02   1.0000000e+00
  -1.0339970e+00  -1.4168061e-01  -6.5616215e-01   1.0000000e+00   7.5687400e+02   2.8976700e+02   1.0000000e+00
  -1.0232827e+00  -2.0680201e-01  -5.9735214e-01   1.0000000e+00   8.0246300e+02   2.8803200e+02   1.0000000e+00
  -1.0160296e+00  -2.7643277e-01  -5.4386104e-01   1.0000000e+00   8.4858200e+02   2.8460600e+02   1.0000000e+00
  -1.0134330e+00  -3.3436559e-01  -5.0298338e-01   1.0000000e+00   8.8536300e+02   2.8001900e+02   1.0000000e+00
  -1.0167900e+00  -3.8510664e-01  -4.6845730e-01   1.0000000e+00   9.1643100e+02   2.7215000e+02   1.0000000e+00
  -1.0258256e+00  -4.3050518e-01  -4.3326231e-01   1.0000000e+00   9.4260000e+02   2.6065500e+02   1.0000000e+00
  -1.0388627e+00  -4.7063947e-01  -3.9854326e-01   1.0000000e+00   9.6434800e+02   2.4662400e+02   1.0000000e+00
  -1.0516062e+00  -5.0964930e-01  -3.6259463e-01   1.0000000e+00   9.8430100e+02   2.3343600e+02   1.0000000e+00
  -1.0605108e+00  -5.5141899e-01  -3.2180116e-01   1.0000000e+00   1.0040100e+03   2.2271000e+02   1.0000000e+00
  -1.0611542e+00  -5.9946294e-01  -2.7531473e-01   1.0000000e+00   1.0250700e+03   2.1745100e+02   1.0000000e+00
  -1.0568420e+00  -6.5606090e-01  -2.2609640e-01   1.0000000e+00   1.0495700e+03   2.1527700e+02   1.0000000e+00
  -1.0458938e+00  -7.0996739e-01  -1.7522769e-01   1.0000000e+00   1.0702000e+03   2.1777700e+02   1.0000000e+00
  -1.0347442e+00  -7.6540285e-01  -1.1528128e-01   1.0000000e+00   1.0883300e+03   2.1930600e+02   1.0000000e+00
  -1.0373678e+00  -8.0613270e-01  -4.1475327e-02   1.0000000e+00   1.0946500e+03   2.1120700e+02   1.0000000e+00
  -1.0495149e+00  -8.2944572e-01   3.9070850e-02   1.0000000e+00   1.0900900e+03   1.9797600e+02   1.0000000e+00
  -1.0572167e+00  -8.4148053e-01   1.2226349e-01   1.0000000e+00   1.0790600e+03   1.8785700e+02   1.0000000e+00
  -1.0571479e+00  -8.4045227e-01   2.0808830e-01   1.0000000e+00   1.0610400e+03   1.8240600e+02   1.0000000e+00
  -1.0498072e+00  -8.2803192e-01   2.9805986e-01   1.0000000e+00   1.0373400e+03   1.8102900e+02   1.0000000e+00
  -1.0369210e+00  -8.1071812e-01   3.9329632e-01   1.0000000e+00   1.0119500e+03   1.8225000e+02   1.0000000e+00
  -1.0236831e+00  -7.9158650e-01   4.8982737e-01   1.0000000e+00   9.8710300e+02   1.8346600e+02   1.0000000e+00
  -1.0087254e+00  -7.7219030e-01   5.8705278e-01   1.0000000e+00   9.6384900e+02   1.8517000e+02   1.0000000e+00
  -1.0039882e+00  -7.5589574e-01   6.6626480e-01   1.0000000e+00   9.4650000e+02   1.8320800e+02   1.0000000e+00
  -1.0134599e+00  -7.4029512e-01   7.2865134e-01   1.0000000e+00   9.3238000e+02   1.7610000e+02   1.0000000e+00
  -1.0342106e+00  -7.2227268e-01   7.8100109e-01   1.0000000e+00   9.1929800e+02   1.6493600e+02   1.0000000e+00
  -1.0617223e+00  -7.0251995e-01   8.2062229e-01   1.0000000e+00   9.0746000e+02   1.5136000e+02   1.0000000e+00
  -1.0870648e+00  -6.8358595e-01   8.5160203e-01   1.0000000e+00   8.9666700e+02   1.3945100e+02   1.0000000e+00
  -1.1042285e+00  -6.6805454e-01   8.8327194e-01   1.0000000e+00   8.8750000e+02   1.3115400e+02   1.0000000e+00
  -1.1151961e+00  -6.5333500e-01   9.2094818e-01   1.0000000e+00   8.7809800e+02   1.2537300e+02   1.0000000e+00
  -1.1194341e+00  -6.3130745e-01   9.6717203e-01   1.0000000e+00   8.6469400e+02   1.2222400e+02   1.0000000e+00
  -1.1265527e+00  -5.8788072e-01   1.0205579e+00   1.0000000e+00   8.4291300e+02   1.1800000e+02   1.0000000e+00
  -1.1329905e+00  -5.2296376e-01   1.0660394e+00   1.0000000e+00   8.1374500e+02   1.1429800e+02   1.0000000e+00
  -1.1329292e+00  -4.4537304e-01   1.1035188e+00   1.0000000e+00   7.8104500e+02   1.1393200e+02   1.0000000e+00
  -1.1225624e+00  -3.5836915e-01   1.1306443e+00   1.0000000e+00   7.4560900e+02   1.1760900e+02   1.0000000e+00
  -1.1048370e+00  -2.6785025e-01   1.1481411e+00   1.0000000e+00   7.0984400e+02   1.2504400e+02   1.0000000e+00
  -1.0833615e+00  -1.7615969e-01   1.1561759e+00   1.0000000e+00   6.7442600e+02   1.3353200e+02   1.0000000e+00
  -1.0571792e+00  -9.1292309e-02   1.1548677e+00   1.0000000e+00   6.4188600e+02   1.4420500e+02   1.0000000e+00
  -1.0323404e+00  -1.2408795e-02   1.1500142e+00   1.0000000e+00   6.1175000e+02   1.5462500e+02   1.0000000e+00
  -1.0245765e+00   5.3624332e-02   1.1419207e+00   1.0000000e+00   5.8639600e+02   1.5845800e+02   1.0000000e+00
  -1.0293513e+00   1.1201305e-01   1.1270747e+00   1.0000000e+00   5.6367300e+02   1.5742900e+02   1.0000000e+00
  -1.0375959e+00   1.6616762e-01   1.1084839e+00   1.0000000e+00   5.4250000e+02   1.5536000e+02   1.0000000e+00
  -1.0448863e+00   2.1721370e-01   1.0880243e+00   1.0000000e+00   5.2182400e+02   1.5349000e+02   1.0000000e+00
  -1.0508104e+00   2.6715340e-01   1.0671532e+00   1.0000000e+00   5.0157400e+02   1.5217000e+02   1.0000000e+00
  -1.0596416e+00   3.1602882e-01   1.0502664e+00   1.0000000e+00   4.8150000e+02   1.4950000e+02   1.0000000e+00
  -1.0679379e+00   3.6522643e-01   1.0324353e+00   1.0000000e+00   4.6090400e+02   1.4717300e+02   1.0000000e+00
  -1.0688134e+00   4.1755796e-01   1.0076180e+00   1.0000000e+00   4.3847100e+02   1.4843100e+02   1.0000000e+00
  -1.0698796e+00   4.6788807e-01   9.6143323e-01   1.0000000e+00   4.1607300e+02   1.4965500e+02   1.0000000e+00
  -1.0706875e+00   5.1354095e-01   9.0264687e-01   1.0000000e+00   3.9365500e+02   1.5201700e+02   1.0000000e+00
  -1.0686180e+00   5.5367254e-01   8.3946367e-01   1.0000000e+00   3.7256900e+02   1.5579300e+02   1.0000000e+00
  -1.0637841e+00   5.8813557e-01   7.7424372e-01   1.0000000e+00   3.5306300e+02   1.6096900e+02   1.0000000e+00
  -1.0537865e+00   6.2009106e-01   7.0328617e-01   1.0000000e+00   3.3344800e+02   1.6895500e+02   1.0000000e+00
  -1.0327946e+00   6.5577653e-01   6.2676631e-01   1.0000000e+00   3.1113400e+02   1.8285100e+02   1.0000000e+00
  -9.9962454e-01   6.9584383e-01   5.4576056e-01   1.0000000e+00   2.8600000e+02   2.0362500e+02   1.0000000e+00
  -9.7537986e-01   7.3620644e-01   4.6833419e-01   1.0000000e+00   2.5932900e+02   2.2084900e+02   1.0000000e+00
  -9.7325231e-01   7.6663234e-01   4.1075601e-01   1.0000000e+00   2.3742300e+02   2.2632100e+02   1.0000000e+00
  -9.8859605e-01   7.8861534e-01   3.6183702e-01   1.0000000e+00   2.1897500e+02   2.2244300e+02   1.0000000e+00
  -1.0095394e+00   8.0580673e-01   3.1656988e-01   1.0000000e+00   2.0246900e+02   2.1529600e+02   1.0000000e+00
  -1.0268332e+00   8.2335703e-01   2.7342077e-01   1.0000000e+00   1.8550000e+02   2.0950000e+02   1.0000000e+00
  -1.0343680e+00   8.4307218e-01   2.2921243e-01   1.0000000e+00   1.6725000e+02   2.0890900e+02   1.0000000e+00
  -1.0301318e+00   8.6349459e-01   1.8118408e-01   1.0000000e+00   1.4813300e+02   2.1516700e+02   1.0000000e+00
  -1.0180928e+00   8.8274361e-01   1.2828430e-01   1.0000000e+00   1.2900000e+02   2.2627200e+02   1.0000000e+00
  -1.0099097e+00   8.9793237e-01   7.4462256e-02   1.0000000e+00   1.1019400e+02   2.3580600e+02   1.0000000e+00
  -9.9955402e-01   9.0840523e-01   2.1115903e-02   1.0000000e+00   9.3950000e+01   2.4689000e+02   1.0000000e+00
  -9.8876830e-01   9.1055086e-01  -3.8552273e-02   1.0000000e+00   8.0355100e+01   2.5924300e+02   1.0000000e+00
  -9.8625091e-01   8.9252132e-01  -9.7653920e-02   1.0000000e+00   7.7380500e+01   2.6678800e+02   1.0000000e+00
  -9.8549737e-01   8.5954218e-01  -1.5399316e-01   1.0000000e+00   8.4000000e+01   2.7315300e+02   1.0000000e+00
  -9.8160826e-01   8.1808036e-01  -2.0638411e-01   1.0000000e+00   9.7862900e+01   2.8096800e+02   1.0000000e+00
  -9.7548420e-01   7.6765645e-01  -2.5501239e-01   1.0000000e+00   1.1932600e+02   2.9027100e+02   1.0000000e+00
  -9.6276141e-01   7.0967399e-01  -3.0502771e-01   1.0000000e+00   1.4747900e+02   3.0425700e+02   1.0000000e+00
  -9.3942460e-01   6.4354405e-01  -3.6312941e-01   1.0000000e+00   1.8179000e+02   3.2767800e+02   1.0000000e+00
  -9.0465576e-01   5.6674954e-01  -4.2173128e-01   1.0000000e+00   2.2676700e+02   3.6000000e+02   1.0000000e+00
  -8.2021687e-01   1.4004510e-01  -6.6557969e-01   1.0000000e+00   5.2636800e+02   4.6798400e+02   1.0000000e+00
  -8.4167098e-01   1.2118399e-01  -6.9761850e-01   1.0000000e+00   5.4012800e+02   4.5968500e+02   1.0000000e+00
  -8.7689480e-01   1.1192194e-01  -7.3271314e-01   1.0000000e+00   5.4596800e+02   4.4113100e+02   1.0000000e+00
  -9.2152999e-01   1.0617343e-01  -7.5622758e-01   1.0000000e+00   5.4915700e+02   4.0994300e+02   1.0000000e+00
  -9.5844093e-01   8.9941697e-02  -7.7087063e-01   1.0000000e+00   5.6226000e+02   3.8144200e+02   1.0000000e+00
  -9.8137851e-01   5.5756282e-02  -7.8378182e-01   1.0000000e+00   5.9262700e+02   3.6367500e+02   1.0000000e+00
  -9.9441415e-01   1.1305827e-02  -7.9324506e-01   1.0000000e+00   6.3325200e+02   3.5355500e+02   1.0000000e+00
  -1.0007757e+00  -3.7603302e-02  -7.9698982e-01   1.0000000e+00   6.7835300e+02   3.4771700e+02   1.0000000e+00
  -9.9633500e-01  -8.9828186e-02  -7.9612446e-01   1.0000000e+00   7.2621100e+02   3.5047400e+02   1.0000000e+00
  -9.7833431e-01  -1.5163884e-01  -7.9495858e-01   1.0000000e+00   7.8195500e+02   3.6507400e+02   1.0000000e+00
  -9.4710808e-01  -2.1887389e-01  -7.9089390e-01   1.0000000e+00   8.4046300e+02   3.9026700e+02   1.0000000e+00
  -9.1984100e-01  -2.8716057e-01  -7.8641239e-01   1.0000000e+00   8.9832500e+02   4.1132900e+02   1.0000000e+00
  -9.1003198e-01  -3.4444212e-01  -7.8076139e-01   1.0000000e+00   9.4610200e+02   4.1715600e+02   1.0000000e+00
  -9.0951932e-01  -3.9291554e-01  -7.7240904e-01   1.0000000e+00   9.8554000e+02   4.1455800e+02   1.0000000e+00
  -9.0079883e-01  -4.3966658e-01  -7.6187969e-01   1.0000000e+00   1.0214400e+03   4.1827100e+02   1.0000000e+00
  -8.7501027e-01  -4.8248921e-01  -7.4566452e-01   1.0000000e+00   1.0497000e+03   4.3425800e+02   1.0000000e+00
  -8.4293834e-01  -5.3206778e-01  -7.2704087e-01   1.0000000e+00   1.0810700e+03   4.5386000e+02   1.0000000e+00
  -8.1758593e-01  -5.8839446e-01  -7.0882785e-01   1.0000000e+00   1.1170600e+03   4.6746400e+02   1.0000000e+00
  -8.0072561e-01  -6.5015397e-01  -6.9143034e-01   1.0000000e+00   1.1570400e+03   4.7437900e+02   1.0000000e+00
  -7.8710050e-01  -7.2149019e-01  -6.7116815e-01   1.0000000e+00   1.2021400e+03   4.7767900e+02   1.0000000e+00
  -7.7688659e-01  -7.9949203e-01  -6.4456831e-01   1.0000000e+00   1.2485300e+03   4.7656100e+02   1.0000000e+00
  -7.6433195e-01  -8.5867516e-01  -6.1079547e-01   1.0000000e+00   1.2750100e+03   4.7552400e+02   1.0000000e+00
  -7.2465528e-01  -1.0714788e+00  -2.1900448e-01   1.0000000e+00   1.2679900e+03   4.1464400e+02   1.0000000e+00
  -7.0804590e-01  -1.0875213e+00  -1.2388561e-01   1.0000000e+00   1.2464000e+03   4.0734600e+02   1.0000000e+00
  -6.9384996e-01  -1.0997701e+00  -3.5960033e-02   1.0000000e+00   1.2267600e+03   4.0070800e+02   1.0000000e+00
  -6.8738644e-01  -1.1057167e+00   3.7869057e-02   1.0000000e+00   1.2098600e+03   3.9274200e+02   1.0000000e+00
  -6.8391945e-01  -1.1151214e+00   1.0492292e-01   1.0000000e+00   1.1974500e+03   3.8480000e+02   1.0000000e+00
  -6.8694106e-01  -1.1321111e+00   1.6756177e-01   1.0000000e+00   1.1909200e+03   3.7469400e+02   1.0000000e+00
  -6.9644428e-01  -1.1530800e+00   2.2787769e-01   1.0000000e+00   1.1876600e+03   3.6212500e+02   1.0000000e+00
  -7.0619580e-01  -1.1708946e+00   2.8911789e-01   1.0000000e+00   1.1828000e+03   3.5005400e+02   1.0000000e+00
  -7.1419155e-01  -1.1798995e+00   3.4984513e-01   1.0000000e+00   1.1741500e+03   3.3917000e+02   1.0000000e+00
  -7.2395477e-01  -1.1759593e+00   4.0984758e-01   1.0000000e+00   1.1604300e+03   3.2816300e+02   1.0000000e+00
  -7.3951478e-01  -1.1510926e+00   4.6692101e-01   1.0000000e+00   1.1389600e+03   3.1561800e+02   1.0000000e+00
  -7.5170606e-01  -1.1093740e+00   5.2182542e-01   1.0000000e+00   1.1110600e+03   3.0505800e+02   1.0000000e+00
  -7.5697736e-01  -1.0551055e+00   5.7616945e-01   1.0000000e+00   1.0782900e+03   2.9809800e+02   1.0000000e+00
  -7.6046333e-01  -9.8557428e-01   6.2725457e-01   1.0000000e+00   1.0405300e+03   2.9227700e+02   1.0000000e+00
  -7.6003563e-01  -9.0846781e-01   6.7595572e-01   1.0000000e+00   1.0011600e+03   2.8900000e+02   1.0000000e+00
  -7.5191026e-01  -8.3572085e-01   7.2418212e-01   1.0000000e+00   9.6408300e+02   2.8802100e+02   1.0000000e+00
  -7.4454020e-01  -7.7403423e-01   7.7773201e-01   1.0000000e+00   9.3246900e+02   2.8757100e+02   1.0000000e+00
  -7.5327512e-01  -7.2384705e-01   8.2150276e-01   1.0000000e+00   9.0764600e+02   2.8087500e+02   1.0000000e+00
  -7.7405301e-01  -6.8026182e-01   8.5684818e-01   1.0000000e+00   8.8725000e+02   2.7000000e+02   1.0000000e+00
  -7.9751725e-01  -6.4200356e-01   8.9315127e-01   1.0000000e+00   8.6925000e+02   2.5800000e+02   1.0000000e+00
  -8.2068992e-01  -6.1267125e-01   9.3319280e-01   1.0000000e+00   8.5450000e+02   2.4620800e+02   1.0000000e+00
  -8.3992826e-01  -5.9048880e-01   9.7957528e-01   1.0000000e+00   8.4242600e+02   2.3583000e+02   1.0000000e+00
  -8.5204589e-01  -5.7190889e-01   1.0335114e+00   1.0000000e+00   8.3111600e+02   2.2788400e+02   1.0000000e+00
  -8.5616720e-01  -5.5222918e-01   1.0936118e+00   1.0000000e+00   8.1933300e+02   2.2300000e+02   1.0000000e+00
  -8.5654440e-01  -5.3215169e-01   1.1527905e+00   1.0000000e+00   8.0765900e+02   2.1965900e+02   1.0000000e+00
  -8.5910459e-01  -5.0947965e-01   1.2126619e+00   1.0000000e+00   7.9550000e+02   2.1566700e+02   1.0000000e+00
  -8.6611520e-01  -4.8471071e-01   1.2626039e+00   1.0000000e+00   7.8364100e+02   2.1059000e+02   1.0000000e+00
  -8.6922594e-01  -4.5029458e-01   1.3041692e+00   1.0000000e+00   7.6900000e+02   2.0759000e+02   1.0000000e+00
  -8.6213465e-01  -4.0775477e-01   1.3436123e+00   1.0000000e+00   7.5191900e+02   2.0854100e+02   1.0000000e+00
  -8.4854869e-01  -3.5879569e-01   1.3790798e+00   1.0000000e+00   7.3292100e+02   2.1194700e+02   1.0000000e+00
  -8.3391642e-01  -2.9981370e-01   1.4036295e+00   1.0000000e+00   7.1115800e+02   2.1621100e+02   1.0000000e+00
  -7.5609362e-01  -6.1533751e-03   1.4356442e+00   1.0000000e+00   6.0870600e+02   2.4350000e+02   1.0000000e+00
  -7.4596008e-01   6.7664560e-02   1.4231881e+00   1.0000000e+00   5.8312800e+02   2.4812800e+02   1.0000000e+00
  -7.4584525e-01   1.3268559e-01   1.4039328e+00   1.0000000e+00   5.6059000e+02   2.4982100e+02   1.0000000e+00
  -7.4928282e-01   1.9149806e-01   1.3824413e+00   1.0000000e+00   5.3980000e+02   2.5007500e+02   1.0000000e+00
  -7.5788648e-01   2.4539780e-01   1.3567763e+00   1.0000000e+00   5.2029300e+02   2.4907300e+02   1.0000000e+00
  -7.6973523e-01   2.9395614e-01   1.3290626e+00   1.0000000e+00   5.0223800e+02   2.4685700e+02   1.0000000e+00
  -7.8006117e-01   3.3935045e-01   1.3038321e+00   1.0000000e+00   4.8527900e+02   2.4493000e+02   1.0000000e+00
  -7.8428067e-01   3.8565751e-01   1.2822046e+00   1.0000000e+00   4.6783300e+02   2.4504800e+02   1.0000000e+00
  -7.8266827e-01   4.3960822e-01   1.2646069e+00   1.0000000e+00   4.4774400e+02   2.4704700e+02   1.0000000e+00
  -7.8139622e-01   4.9949867e-01   1.2511729e+00   1.0000000e+00   4.2544400e+02   2.4893300e+02   1.0000000e+00
  -7.7793276e-01   5.6300931e-01   1.2369733e+00   1.0000000e+00   4.0171100e+02   2.5144400e+02   1.0000000e+00
  -6.2999912e-01   7.8226586e-01  -6.2069258e-01   1.0000000e+00   5.4606700e+01   6.0206000e+02   1.0000000e+00
  -6.3515512e-01   7.2444659e-01  -6.6564066e-01   1.0000000e+00   8.3693300e+01   6.1273600e+02   1.0000000e+00
  -6.4162202e-01   6.6490250e-01  -7.0249441e-01   1.0000000e+00   1.1804700e+02   6.2031200e+02   1.0000000e+00
  -6.4959878e-01   6.0707030e-01  -7.3145343e-01   1.0000000e+00   1.5457400e+02   6.2408700e+02   1.0000000e+00
  -6.5382297e-01   5.5062700e-01  -7.5876426e-01   1.0000000e+00   1.9259000e+02   6.3021800e+02   1.0000000e+00
  -6.5360800e-01   4.9461815e-01  -7.8727359e-01   1.0000000e+00   2.3196400e+02   6.4049000e+02   1.0000000e+00
  -6.5016617e-01   4.3651766e-01  -8.1994011e-01   1.0000000e+00   2.7436400e+02   6.5509100e+02   1.0000000e+00
  -6.4642185e-01   3.7438353e-01  -8.5471273e-01   1.0000000e+00   3.2156400e+02   6.7129400e+02   1.0000000e+00
  -6.3982913e-01   3.1284906e-01  -8.8276748e-01   1.0000000e+00   3.7200000e+02   6.8750000e+02   1.0000000e+00
  -6.3367828e-01   2.4406479e-01  -9.0764297e-01   1.0000000e+00   4.3104800e+02   7.0209600e+02   1.0000000e+00
  -6.3679575e-01   1.7164031e-01  -9.1585647e-01   1.0000000e+00   4.9586300e+02   7.0185400e+02   1.0000000e+00
  -6.3725235e-01   9.7100309e-02  -9.1194978e-01   1.0000000e+00   5.6376900e+02   6.9785900e+02   1.0000000e+00
  -6.3189247e-01   2.3278908e-02  -8.9916888e-01   1.0000000e+00   6.3000000e+02   6.9445300e+02   1.0000000e+00
  -6.2184744e-01  -5.0116624e-02  -8.7480341e-01   1.0000000e+00   6.9352900e+02   6.8918700e+02   1.0000000e+00
  -6.0874919e-01  -1.2660823e-01  -8.4119851e-01   1.0000000e+00   7.5598600e+02   6.8249300e+02   1.0000000e+00
  -5.9292856e-01  -2.0636644e-01  -8.0668675e-01   1.0000000e+00   8.1745200e+02   6.7744200e+02   1.0000000e+00
  -5.7692397e-01  -2.9065906e-01  -7.7414792e-01   1.0000000e+00   8.7926500e+02   6.7342900e+02   1.0000000e+00
  -5.6251312e-01  -3.6960750e-01  -7.3511518e-01   1.0000000e+00   9.3241000e+02   6.6598900e+02   1.0000000e+00
  -5.6345354e-01  -4.4344252e-01  -6.9094243e-01   1.0000000e+00   9.7848800e+02   6.4703500e+02   1.0000000e+00
  -5.7990753e-01  -5.0296970e-01  -6.5203418e-01   1.0000000e+00   1.0142100e+03   6.2094400e+02   1.0000000e+00
  -5.9445709e-01  -5.5899862e-01  -6.2000445e-01   1.0000000e+00   1.0473400e+03   5.9947700e+02   1.0000000e+00
  -6.0803682e-01  -6.1268291e-01  -5.8953886e-01   1.0000000e+00   1.0782100e+03   5.7989100e+02   1.0000000e+00
  -6.2185258e-01  -6.6341670e-01  -5.5680115e-01   1.0000000e+00   1.1052400e+03   5.6016900e+02   1.0000000e+00
  -6.2661802e-01  -7.1563845e-01  -5.2514751e-01   1.0000000e+00   1.1320600e+03   5.4709500e+02   1.0000000e+00
  -6.2029152e-01  -7.7288445e-01  -4.9569656e-01   1.0000000e+00   1.1605200e+03   5.4213700e+02   1.0000000e+00
  -6.1327265e-01  -8.3123433e-01  -4.6653959e-01   1.0000000e+00   1.1888200e+03   5.3754800e+02   1.0000000e+00
  -6.1208439e-01  -8.8631987e-01  -4.3384023e-01   1.0000000e+00   1.2135200e+03   5.2910500e+02   1.0000000e+00
  -6.2638683e-01  -9.3035024e-01  -3.9324478e-01   1.0000000e+00   1.2295700e+03   5.0981800e+02   1.0000000e+00
  -6.4567602e-01  -9.6280292e-01  -3.4580136e-01   1.0000000e+00   1.2361900e+03   4.8696800e+02   1.0000000e+00
  -6.5798862e-01  -9.9070504e-01  -2.9028665e-01   1.0000000e+00   1.2367200e+03   4.6755600e+02   1.0000000e+00
  -6.6573263e-01  -1.0157082e+00  -2.2648396e-01   1.0000000e+00   1.2325400e+03   4.5007300e+02   1.0000000e+00
  -6.7415852e-01  -1.0362898e+00  -1.5494389e-01   1.0000000e+00   1.2240900e+03   4.3170300e+02   1.0000000e+00
  -6.8813227e-01  -1.0534161e+00  -7.6357793e-02   1.0000000e+00   1.2127300e+03   4.1044800e+02   1.0000000e+00
  -7.0096155e-01  -1.0729458e+00   6.6391733e-03   1.0000000e+00   1.2023100e+03   3.9054800e+02   1.0000000e+00
  -7.0139689e-01  -1.0993339e+00   8.8481335e-02   1.0000000e+00   1.1951700e+03   3.7842400e+02   1.0000000e+00
  -6.9014169e-01  -1.1311133e+00   1.7310334e-01   1.0000000e+00   1.1894200e+03   3.7201900e+02   1.0000000e+00
  -6.9517537e-01  -1.1584717e+00   2.4488209e-01   1.0000000e+00   1.1862900e+03   3.6012500e+02   1.0000000e+00
  -7.1019168e-01  -1.1823229e+00   3.0883861e-01   1.0000000e+00   1.1842200e+03   3.4528900e+02   1.0000000e+00
  -7.2642583e-01  -1.2061650e+00   3.6715397e-01   1.0000000e+00   1.1833500e+03   3.3081100e+02   1.0000000e+00
  -7.4402649e-01  -1.2278952e+00   4.1867606e-01   1.0000000e+00   1.1831200e+03   3.1714700e+02   1.0000000e+00
  -7.5486681e-01  -1.2482830e+00   4.6955390e-01   1.0000000e+00   1.1821200e+03   3.0714700e+02   1.0000000e+00
  -7.5352790e-01  -1.2694379e+00   5.2440330e-01   1.0000000e+00   1.1797400e+03   3.0261800e+02   1.0000000e+00
  -7.5082764e-01  -1.2884421e+00   5.8256263e-01   1.0000000e+00   1.1759000e+03   2.9830000e+02   1.0000000e+00
  -7.4801254e-01  -1.3011313e+00   6.3678215e-01   1.0000000e+00   1.1701300e+03   2.9486700e+02   1.0000000e+00
  -7.4698457e-01  -1.3079680e+00   6.9388878e-01   1.0000000e+00   1.1620400e+03   2.9030800e+02   1.0000000e+00
  -7.5484134e-01  -1.2994689e+00   7.4160868e-01   1.0000000e+00   1.1501500e+03   2.8325900e+02   1.0000000e+00
  -7.5967704e-01  -1.2712837e+00   7.8346451e-01   1.0000000e+00   1.1317300e+03   2.7816700e+02   1.0000000e+00
  -7.6031360e-01  -1.2238668e+00   8.1969326e-01   1.0000000e+00   1.1070000e+03   2.7534500e+02   1.0000000e+00
  -7.5611338e-01  -1.1591143e+00   8.4850980e-01   1.0000000e+00   1.0769100e+03   2.7506300e+02   1.0000000e+00
  -7.4615349e-01  -1.0857274e+00   8.6927999e-01   1.0000000e+00   1.0449100e+03   2.7806300e+02   1.0000000e+00
  -7.3087093e-01  -1.0101568e+00   8.8371850e-01   1.0000000e+00   1.0129500e+03   2.8343200e+02   1.0000000e+00
  -7.1377971e-01  -9.3242968e-01   8.8760218e-01   1.0000000e+00   9.8153500e+02   2.9069800e+02   1.0000000e+00
  -6.9750962e-01  -8.5232798e-01   8.8093071e-01   1.0000000e+00   9.5058100e+02   2.9797700e+02   1.0000000e+00
  -6.9459524e-01  -7.8053723e-01   8.6130776e-01   1.0000000e+00   9.2450000e+02   3.0100000e+02   1.0000000e+00
  -6.9542415e-01  -7.1665869e-01   8.3329019e-01   1.0000000e+00   9.0220400e+02   3.0332700e+02   1.0000000e+00
  -6.9556337e-01  -6.5742661e-01   8.0118620e-01   1.0000000e+00   8.8150000e+02   3.0636000e+02   1.0000000e+00
  -7.0017462e-01  -6.0589384e-01   7.6384754e-01   1.0000000e+00   8.6424500e+02   3.0791800e+02   1.0000000e+00
  -7.0836685e-01  -5.6130371e-01   7.2535532e-01   1.0000000e+00   8.4940700e+02   3.0825900e+02   1.0000000e+00
  -7.1636167e-01  -5.1946596e-01   6.8784682e-01   1.0000000e+00   8.3532700e+02   3.0843600e+02   1.0000000e+00
  -7.2391915e-01  -4.7631778e-01   6.5396682e-01   1.0000000e+00   8.1989700e+02   3.0858600e+02   1.0000000e+00
  -7.3177697e-01  -4.3261770e-01   6.2512861e-01   1.0000000e+00   8.0349100e+02   3.0821100e+02   1.0000000e+00
  -7.3865545e-01  -3.9049871e-01   5.9821781e-01   1.0000000e+00   7.8711500e+02   3.0798400e+02   1.0000000e+00
  -7.4459215e-01  -3.4359829e-01   5.6793334e-01   1.0000000e+00   7.6857600e+02   3.0886400e+02   1.0000000e+00
  -7.5205236e-01  -2.9946296e-01   5.2466865e-01   1.0000000e+00   7.5157100e+02   3.1001600e+02   1.0000000e+00
  -7.5086393e-01  -2.5465013e-01   4.7006743e-01   1.0000000e+00   7.3406100e+02   3.1615200e+02   1.0000000e+00
  -7.4174173e-01  -2.1204857e-01   4.0695485e-01   1.0000000e+00   7.1750000e+02   3.2737800e+02   1.0000000e+00
  -7.2498842e-01  -1.6983690e-01   3.3759658e-01   1.0000000e+00   7.0052000e+02   3.4344000e+02   1.0000000e+00
  -6.9668747e-01  -1.2215953e-01   2.6553719e-01   1.0000000e+00   6.8012800e+02   3.6638500e+02   1.0000000e+00
  -6.6240606e-01  -6.7546945e-02   1.9263500e-01   1.0000000e+00   6.5506000e+02   3.9348200e+02   1.0000000e+00
  -6.3281204e-01  -1.6799453e-02   1.2484533e-01   1.0000000e+00   6.3060000e+02   4.1874100e+02   1.0000000e+00
  -6.1888247e-01   3.6042960e-02   6.3326451e-02   1.0000000e+00   6.0370500e+02   4.3642000e+02   1.0000000e+00
  -6.2372342e-01   9.0054542e-02   1.4443737e-02   1.0000000e+00   5.7465600e+02   4.4288200e+02   1.0000000e+00
  -6.3650234e-01   1.4707832e-01  -2.4173234e-02   1.0000000e+00   5.4233700e+02   4.4386700e+02   1.0000000e+00
  -6.5001346e-01   2.0445568e-01  -5.5037923e-02   1.0000000e+00   5.0895900e+02   4.4295900e+02   1.0000000e+00
  -6.5859553e-01   2.6500997e-01  -8.5429744e-02   1.0000000e+00   4.7278600e+02   4.4472800e+02   1.0000000e+00
  -6.6465698e-01   3.3052538e-01  -1.1687212e-01   1.0000000e+00   4.3260400e+02   4.4800000e+02   1.0000000e+00
  -6.6906576e-01   3.9682843e-01  -1.4500539e-01   1.0000000e+00   3.9115700e+02   4.5188900e+02   1.0000000e+00
  -6.7376454e-01   4.6753922e-01  -1.7165532e-01   1.0000000e+00   3.4608000e+02   4.5559300e+02   1.0000000e+00
  -6.8814362e-01   5.2845462e-01  -2.0248240e-01   1.0000000e+00   3.0447900e+02   4.5445300e+02   1.0000000e+00
  -6.9756880e-01   5.8585717e-01  -2.3925244e-01   1.0000000e+00   2.6329300e+02   4.5739000e+02   1.0000000e+00
  -6.9488892e-01   6.4665728e-01  -2.7537349e-01   1.0000000e+00   2.1939000e+02   4.6742300e+02   1.0000000e+00
  -6.8428215e-01   7.1086819e-01  -3.0977227e-01   1.0000000e+00   1.7312600e+02   4.8237800e+02   1.0000000e+00
  -6.6690296e-01   7.7916590e-01  -3.4333114e-01   1.0000000e+00   1.2404700e+02   5.0160500e+02   1.0000000e+00
  -6.4426875e-01   8.5031399e-01  -3.7533004e-01   1.0000000e+00   7.2953500e+01   5.2439500e+02   1.0000000e+00
  -7.1578422e-01   1.0321256e+00   2.2426505e-01   1.0000000e+00   9.4742900e+01   3.7617100e+02   1.0000000e+00
  -7.1114373e-01   9.6357646e-01   2.4640252e-01   1.0000000e+00   1.3342000e+02   3.7460900e+02   1.0000000e+00
  -7.0477273e-01   8.8318515e-01   2.6334085e-01   1.0000000e+00   1.7658800e+02   3.7450000e+02   1.0000000e+00
  -6.9670533e-01   7.9596289e-01   2.7817763e-01   1.0000000e+00   2.2245200e+02   3.7523300e+02   1.0000000e+00
  -6.8861078e-01   7.0822172e-01   2.9112603e-01   1.0000000e+00   2.6769400e+02   3.7636100e+02   1.0000000e+00
  -6.8141433e-01   6.1962886e-01   3.0638443e-01   1.0000000e+00   3.1361100e+02   3.7679200e+02   1.0000000e+00
  -6.8165732e-01   5.3578362e-01   3.2057130e-01   1.0000000e+00   3.5583300e+02   3.7379200e+02   1.0000000e+00
  -6.8938714e-01   4.6216958e-01   3.3070775e-01   1.0000000e+00   3.9252100e+02   3.6794400e+02   1.0000000e+00
  -6.9320448e-01   3.9796295e-01   3.4363557e-01   1.0000000e+00   4.2451400e+02   3.6381400e+02   1.0000000e+00
  -6.9238507e-01   3.3922087e-01   3.6503509e-01   1.0000000e+00   4.5411600e+02   3.6094200e+02   1.0000000e+00
  -6.9328754e-01   2.8770068e-01   3.9475262e-01   1.0000000e+00   4.8006100e+02   3.5625800e+02   1.0000000e+00
  -6.9318860e-01   2.3804390e-01   4.3255719e-01   1.0000000e+00   5.0480000e+02   3.5133800e+02   1.0000000e+00
  -6.9311671e-01   1.8522400e-01   4.7330605e-01   1.0000000e+00   5.3038100e+02   3.4611100e+02   1.0000000e+00
  -6.9461281e-01   1.2849174e-01   5.1423785e-01   1.0000000e+00   5.5708300e+02   3.4050000e+02   1.0000000e+00
  -6.8901312e-01   7.0765304e-02   5.5512931e-01   1.0000000e+00   5.8339700e+02   3.3789700e+02   1.0000000e+00
  -6.8614327e-01   1.0076854e-02   5.9161755e-01   1.0000000e+00   6.1047400e+02   3.3487700e+02   1.0000000e+00
  -6.9153091e-01  -5.3171766e-02   6.1863302e-01   1.0000000e+00   6.3798200e+02   3.2923600e+02   1.0000000e+00
  -7.0021056e-01  -1.2004132e-01   6.3899295e-01   1.0000000e+00   6.6661100e+02   3.2275900e+02   1.0000000e+00
  -7.1222772e-01  -1.8804256e-01   6.5652015e-01   1.0000000e+00   6.9550900e+02   3.1545300e+02   1.0000000e+00
  -7.2349523e-01  -2.5767508e-01   6.7837967e-01   1.0000000e+00   7.2446200e+02   3.0811500e+02   1.0000000e+00
  -7.3050859e-01  -3.3127730e-01   7.0457967e-01   1.0000000e+00   7.5461200e+02   3.0220400e+02   1.0000000e+00
  -7.3884377e-01  -4.1200000e-01   7.3433684e-01   1.0000000e+00   7.8685700e+02   2.9542900e+02   1.0000000e+00
  -7.4835462e-01  -4.8875843e-01   7.6082132e-01   1.0000000e+00   8.1702200e+02   2.8880000e+02   1.0000000e+00
  -7.5834916e-01  -5.6206390e-01   7.9035630e-01   1.0000000e+00   8.4514300e+02   2.8181000e+02   1.0000000e+00
  -7.6990117e-01  -6.2414019e-01   8.2694616e-01   1.0000000e+00   8.6745500e+02   2.7395500e+02   1.0000000e+00
  -7.7935308e-01  -6.7698087e-01   8.7087514e-01   1.0000000e+00   8.8479500e+02   2.6676900e+02   1.0000000e+00
  -7.8908794e-01  -7.2479251e-01   9.2008821e-01   1.0000000e+00   8.9924300e+02   2.5902700e+02   1.0000000e+00
  -7.9774027e-01  -7.7021703e-01   9.7587390e-01   1.0000000e+00   9.1168600e+02   2.5185700e+02   1.0000000e+00
  -7.9675232e-01  -8.1497805e-01   1.0388627e+00   1.0000000e+00   9.2229400e+02   2.4779400e+02   1.0000000e+00
  -7.8513755e-01  -8.6001332e-01   1.1087575e+00   1.0000000e+00   9.3186200e+02   2.4755200e+02   1.0000000e+00
  -7.6914410e-01  -8.9630985e-01   1.1738480e+00   1.0000000e+00   9.3827300e+02   2.4904500e+02   1.0000000e+00
  -8.4547201e-01  -7.4545076e-01   1.5133034e+00   1.0000000e+00   8.5731800e+02   2.0468200e+02   1.0000000e+00
  -8.2388647e-01  -6.5208701e-01   1.5043193e+00   1.0000000e+00   8.2634600e+02   2.1300000e+02   1.0000000e+00
  -7.9097627e-01  -5.5423150e-01   1.4933572e+00   1.0000000e+00   7.9371900e+02   2.2534400e+02   1.0000000e+00
  -7.5237847e-01  -2.2427560e-01   1.3961415e+00   1.0000000e+00   6.8494700e+02   2.4534200e+02   1.0000000e+00
  -7.6127154e-01  -1.6632957e-01   1.3590044e+00   1.0000000e+00   6.6571800e+02   2.4510300e+02   1.0000000e+00
  -7.6999590e-01  -1.1507942e-01   1.3274477e+00   1.0000000e+00   6.4820000e+02   2.4407500e+02   1.0000000e+00
  -7.7674427e-01  -6.6867793e-02   1.3021414e+00   1.0000000e+00   6.3150000e+02   2.4320000e+02   1.0000000e+00
  -7.8528959e-01  -1.9051947e-02   1.2777896e+00   1.0000000e+00   6.1458100e+02   2.4197700e+02   1.0000000e+00
  -7.9556217e-01   3.0335860e-02   1.2529742e+00   1.0000000e+00   5.9675600e+02   2.4000000e+02   1.0000000e+00
  -8.0127538e-01   8.2174898e-02   1.2294019e+00   1.0000000e+00   5.7788400e+02   2.3944200e+02   1.0000000e+00
  -8.0205549e-01   1.3357795e-01   1.2062105e+00   1.0000000e+00   5.5866700e+02   2.4100000e+02   1.0000000e+00
  -7.9547622e-01   1.9000019e-01   1.1838571e+00   1.0000000e+00   5.3763000e+02   2.4510900e+02   1.0000000e+00
  -7.9549636e-01   2.4181076e-01   1.1510596e+00   1.0000000e+00   5.1764600e+02   2.4764600e+02   1.0000000e+00
  -7.9036463e-01   2.9519561e-01   1.1055529e+00   1.0000000e+00   4.9650000e+02   2.5287000e+02   1.0000000e+00
  -7.7825708e-01   3.4958798e-01   1.0522360e+00   1.0000000e+00   4.7440000e+02   2.6160000e+02   1.0000000e+00
  -7.6199662e-01   4.0608965e-01   9.9266850e-01   1.0000000e+00   4.5050000e+02   2.7250000e+02   1.0000000e+00
  -7.4316993e-01   4.6466470e-01   9.3114610e-01   1.0000000e+00   4.2500000e+02   2.8507700e+02   1.0000000e+00
  -7.2275783e-01   5.2116747e-01   8.7187505e-01   1.0000000e+00   3.9950000e+02   2.9850000e+02   1.0000000e+00
  -7.0137012e-01   5.7903428e-01   8.1445675e-01   1.0000000e+00   3.7300000e+02   3.1267900e+02   1.0000000e+00
  -7.0337995e-01   6.3386063e-01   7.7329289e-01   1.0000000e+00   3.4734500e+02   3.1629300e+02   1.0000000e+00
  -7.1587158e-01   6.9110087e-01   7.4571711e-01   1.0000000e+00   3.2049100e+02   3.1421100e+02   1.0000000e+00
  -7.3381976e-01   7.4892959e-01   7.2342688e-01   1.0000000e+00   2.9310300e+02   3.0941400e+02   1.0000000e+00
  -7.5727840e-01   8.0587992e-01   7.0072362e-01   1.0000000e+00   2.6572100e+02   3.0213100e+02   1.0000000e+00
  -1.2788564e+00   5.0720283e-01  -9.6788640e-01   1.0000000e+00   6.7686700e+01   9.8462100e+01   1.0000000e+00
  -1.2864994e+00   4.3090003e-01  -9.4619498e-01   1.0000000e+00   1.6185600e+02   8.5904600e+01   1.0000000e+00
  -1.2955725e+00   3.5983672e-01  -9.2976906e-01   1.0000000e+00   2.4572800e+02   7.2325800e+01   1.0000000e+00
  -1.3036371e+00   2.9675899e-01  -9.2221321e-01   1.0000000e+00   3.1717600e+02   6.0919300e+01   1.0000000e+00
  -1.3047423e+00   2.3729411e-01  -9.2355439e-01   1.0000000e+00   3.8317300e+02   5.7988300e+01   1.0000000e+00
  -1.2977225e+00   1.7695337e-01  -9.3020094e-01   1.0000000e+00   4.5034300e+02   6.4872100e+01   1.0000000e+00
  -1.2894480e+00   1.1061630e-01  -9.3400234e-01   1.0000000e+00   5.2483100e+02   7.3246400e+01   1.0000000e+00
  -1.2906488e+00   4.5066374e-02  -9.3343400e-01   1.0000000e+00   5.9823600e+02   7.0530600e+01   1.0000000e+00
  -1.2948040e+00  -1.5693827e-02  -9.2854445e-01   1.0000000e+00   6.6560800e+02   6.4721100e+01   1.0000000e+00
  -1.3006807e+00  -6.9936678e-02  -9.1147532e-01   1.0000000e+00   7.2365800e+02   5.7000000e+01   1.0000000e+00
  -1.3070840e+00  -1.1526771e-01  -8.9009476e-01   1.0000000e+00   7.6973200e+02   4.8945800e+01   1.0000000e+00
  -1.3085645e+00  -1.6502898e-01  -8.6651915e-01   1.0000000e+00   8.1816100e+02   4.6711700e+01   1.0000000e+00
  -1.3044667e+00  -2.2206682e-01  -8.3599845e-01   1.0000000e+00   8.7015000e+02   5.1122500e+01   1.0000000e+00
  -1.2970812e+00  -2.8335757e-01  -7.9516974e-01   1.0000000e+00   9.2038400e+02   5.7969800e+01   1.0000000e+00
  -1.2950442e+00  -3.4483166e-01  -7.4522586e-01   1.0000000e+00   9.6498100e+02   5.8901400e+01   1.0000000e+00
  -1.3023054e+00  -4.0440183e-01  -6.9002335e-01   1.0000000e+00   1.0036000e+03   5.1056700e+01   1.0000000e+00
  -1.3096484e+00  -4.6090653e-01  -6.3867061e-01   1.0000000e+00   1.0379200e+03   4.3697100e+01   1.0000000e+00
  -1.3207017e+00  -5.1703668e-01  -5.9580355e-01   1.0000000e+00   1.0725400e+03   3.3274500e+01   1.0000000e+00
  -1.3330281e+00  -5.6950316e-01  -5.6363159e-01   1.0000000e+00   1.1062700e+03   2.2432400e+01   1.0000000e+00
  -1.3404598e+00  -6.2245306e-01  -5.3263097e-01   1.0000000e+00   1.1386100e+03   1.6156500e+01   1.0000000e+00
  -1.3412378e+00  -6.7907561e-01  -5.0004440e-01   1.0000000e+00   1.1714100e+03   1.5859200e+01   1.0000000e+00
  -1.3384245e+00  -7.3756980e-01  -4.6484113e-01   1.0000000e+00   1.2028300e+03   1.8533800e+01   1.0000000e+00
  -1.3407427e+00  -7.9285603e-01  -4.2716638e-01   1.0000000e+00   1.2300300e+03   1.6830500e+01   1.0000000e+00
  -1.3522927e+00  -8.4014409e-01  -3.9344121e-01   1.0000000e+00   1.2530300e+03   7.8421100e+00   1.0000000e+00
  -1.3614469e+00  -8.7986937e-01  -3.6050086e-01   1.0000000e+00   1.2697700e+03   2.2957700e+00   1.0000000e+00
  -1.4132110e+00   6.0062464e-01   7.9015553e-01   1.0000000e+00   3.3550000e+02   9.0909100e-01   1.0000000e+00
  -1.3541565e+00   7.3476806e-01  -1.8926735e-01   1.0000000e+00   1.1762000e+02   2.3333300e+01   1.0000000e+00
  -1.3640603e+00   6.7498343e-01  -2.0821798e-01   1.0000000e+00   1.5301500e+02   1.4780300e+01   1.0000000e+00
  -1.3692368e+00   6.1216100e-01  -2.1817844e-01   1.0000000e+00   1.9397100e+02   9.4117700e+00   1.0000000e+00
  -1.3724259e+00   5.4773154e-01  -2.1399018e-01   1.0000000e+00   2.3930200e+02   5.7913700e+00   1.0000000e+00
  -1.3725291e+00   4.8970955e-01  -1.9740879e-01   1.0000000e+00   2.8255700e+02   5.4928600e+00   1.0000000e+00
  -1.3692302e+00   4.3402713e-01  -1.7196537e-01   1.0000000e+00   3.2472500e+02   7.5652200e+00   1.0000000e+00
  -1.3663237e+00   3.7873049e-01  -1.3803848e-01   1.0000000e+00   3.6660600e+02   9.3409100e+00   1.0000000e+00
  -1.3662560e+00   3.2534212e-01  -9.7055847e-02   1.0000000e+00   4.0607100e+02   9.2460300e+00   1.0000000e+00
  -1.3738616e+00   2.7335865e-01  -4.9702964e-02   1.0000000e+00   4.4323900e+02   4.4159300e+00   1.0000000e+00
  -1.3831200e+00   2.2191374e-01  -3.1774521e-03   1.0000000e+00   4.7846900e+02   9.0625000e-01   1.0000000e+00
  -1.3849753e+00  -1.4075642e-01   2.5202704e-01   1.0000000e+00   6.9144700e+02   1.3421100e+00   1.0000000e+00
  -1.3864405e+00  -2.0733084e-01   2.9039676e-01   1.0000000e+00   7.2575800e+02   1.2121200e+00   1.0000000e+00
  -1.3658863e+00  -9.3609487e-01  -1.5367061e-01   1.0000000e+00   1.2331800e+03   2.9487200e+00   1.0000000e+00
  -1.3572795e+00  -8.9928574e-01  -2.1859401e-01   1.0000000e+00   1.2304200e+03   7.2053600e+00   1.0000000e+00
  -1.3514715e+00  -8.6238089e-01  -2.8573237e-01   1.0000000e+00   1.2283300e+03   1.0701600e+01   1.0000000e+00
  -1.3414206e+00  -8.2749011e-01  -3.5285630e-01   1.0000000e+00   1.2271400e+03   1.7624100e+01   1.0000000e+00
  -1.3276715e+00  -7.9872101e-01  -4.2523238e-01   1.0000000e+00   1.2318500e+03   2.8033800e+01   1.0000000e+00
  -1.3099816e+00  -7.8157713e-01  -5.0019981e-01   1.0000000e+00   1.2466500e+03   4.2506200e+01   1.0000000e+00
  -1.2846023e+00  -7.7443039e-01  -5.7507553e-01   1.0000000e+00   1.2694000e+03   6.5067400e+01   1.0000000e+00
  -1.1672896e+00  -5.3391953e-01  -1.0076264e+00   1.0000000e+00   1.2473700e+03   2.1478300e+02   1.0000000e+00
  -1.1735841e+00  -4.6073651e-01  -1.0017368e+00   1.0000000e+00   1.1664500e+03   2.0757200e+02   1.0000000e+00
  -1.2182729e+00  -2.3422269e-01  -9.6378337e-01   1.0000000e+00   9.1046800e+02   1.5405900e+02   1.0000000e+00
  -1.2364942e+00  -1.6095598e-01  -9.3843185e-01   1.0000000e+00   8.2540900e+02   1.3188900e+02   1.0000000e+00
  -1.2503505e+00  -8.9016901e-02  -9.0579410e-01   1.0000000e+00   7.4285100e+02   1.1487400e+02   1.0000000e+00
  -1.2603474e+00  -1.8980650e-02  -8.6363155e-01   1.0000000e+00   6.6487800e+02   1.0232400e+02   1.0000000e+00
  -1.2624400e+00   4.6514965e-02  -8.1112618e-01   1.0000000e+00   5.9589200e+02   9.8381800e+01   1.0000000e+00
  -1.2553236e+00   1.0185355e-01  -7.5234863e-01   1.0000000e+00   5.4236900e+02   1.0360900e+02   1.0000000e+00
  -1.2450552e+00   1.3945114e-01  -6.9478858e-01   1.0000000e+00   5.0984900e+02   1.1115500e+02   1.0000000e+00
  -1.2388997e+00   1.5235473e-01  -6.4535484e-01   1.0000000e+00   5.0093900e+02   1.1437700e+02   1.0000000e+00
  -1.2333238e+00   1.5686561e-01  -6.0284978e-01   1.0000000e+00   4.9962700e+02   1.1711300e+02   1.0000000e+00
  -1.2181108e+00   1.6794803e-01  -5.6248669e-01   1.0000000e+00   4.9328000e+02   1.2830500e+02   1.0000000e+00
  -1.1955203e+00   1.8274812e-01  -5.2287958e-01   1.0000000e+00   4.8439100e+02   1.4475000e+02   1.0000000e+00
  -1.1726812e+00   1.9952828e-01  -4.8052480e-01   1.0000000e+00   4.7477100e+02   1.6075400e+02   1.0000000e+00
  -1.1442031e+00   2.1801521e-01  -4.2761985e-01   1.0000000e+00   4.6532100e+02   1.7918200e+02   1.0000000e+00
  -1.1084172e+00   2.4343965e-01  -3.7885842e-01   1.0000000e+00   4.5158800e+02   2.0215000e+02   1.0000000e+00
  -1.0656596e+00   2.7505185e-01  -3.3810239e-01   1.0000000e+00   4.3412500e+02   2.2959200e+02   1.0000000e+00
  -1.0237271e+00   3.0524120e-01  -2.9545208e-01   1.0000000e+00   4.1859000e+02   2.5456800e+02   1.0000000e+00
  -9.8995334e-01   3.3996131e-01  -2.4305233e-01   1.0000000e+00   4.0166400e+02   2.7150000e+02   1.0000000e+00
  -9.6630633e-01   3.8412269e-01  -1.7773374e-01   1.0000000e+00   3.8062500e+02   2.7956700e+02   1.0000000e+00
  -9.5612025e-01   4.3572335e-01  -1.0796865e-01   1.0000000e+00   3.5610600e+02   2.7849600e+02   1.0000000e+00
  -9.5397538e-01   4.9039393e-01  -3.6757449e-02   1.0000000e+00   3.3124300e+02   2.7283200e+02   1.0000000e+00
  -9.5451465e-01   5.4654500e-01   3.2900372e-02   1.0000000e+00   3.0671300e+02   2.6602000e+02   1.0000000e+00
  -9.5927753e-01   5.9511624e-01   9.4032970e-02   1.0000000e+00   2.8655600e+02   2.5824200e+02   1.0000000e+00
  -9.6914742e-01   6.3455003e-01   1.4601528e-01   1.0000000e+00   2.7089900e+02   2.4882800e+02   1.0000000e+00
  -9.8243989e-01   6.6395172e-01   1.8901228e-01   1.0000000e+00   2.5981300e+02   2.3836300e+02   1.0000000e+00
  -9.9366832e-01   6.8110406e-01   2.2709004e-01   1.0000000e+00   2.5490200e+02   2.2951100e+02   1.0000000e+00
  -1.0028617e+00   6.8982311e-01   2.6179464e-01   1.0000000e+00   2.5440400e+02   2.2224700e+02   1.0000000e+00
  -1.0099449e+00   6.9256828e-01   2.9507106e-01   1.0000000e+00   2.5689800e+02   2.1608000e+02   1.0000000e+00
  -1.0150237e+00   6.8753156e-01   3.3032504e-01   1.0000000e+00   2.6369000e+02   2.1078600e+02   1.0000000e+00
  -1.0200599e+00   6.7161287e-01   3.6912313e-01   1.0000000e+00   2.7608300e+02   2.0542900e+02   1.0000000e+00
  -1.0281925e+00   6.4400874e-01   4.1088356e-01   1.0000000e+00   2.9434600e+02   1.9830800e+02   1.0000000e+00
  -1.0384591e+00   6.0682084e-01   4.5414120e-01   1.0000000e+00   3.1659700e+02   1.8998700e+02   1.0000000e+00
  -1.0465465e+00   5.6428113e-01   4.9481376e-01   1.0000000e+00   3.4067100e+02   1.8295900e+02   1.0000000e+00
  -1.0529148e+00   5.2183151e-01   5.3491524e-01   1.0000000e+00   3.6439200e+02   1.7706800e+02   1.0000000e+00
  -1.0595915e+00   4.8740918e-01   5.7306796e-01   1.0000000e+00   3.8334800e+02   1.7130400e+02   1.0000000e+00
  -1.0660686e+00   4.5373057e-01   6.1273083e-01   1.0000000e+00   4.0153800e+02   1.6564600e+02   1.0000000e+00
  -1.0730154e+00   4.1784944e-01   6.5142238e-01   1.0000000e+00   4.2033900e+02   1.6004800e+02   1.0000000e+00
  -1.0804630e+00   3.8010423e-01   6.8768030e-01   1.0000000e+00   4.3918000e+02   1.5462300e+02   1.0000000e+00
  -1.0860615e+00   3.3978008e-01   7.2476363e-01   1.0000000e+00   4.5895000e+02   1.5011700e+02   1.0000000e+00
  -1.0874445e+00   2.9534741e-01   7.6640075e-01   1.0000000e+00   4.8024100e+02   1.4748300e+02   1.0000000e+00
  -1.0806248e+00   2.4511810e-01   8.1797100e-01   1.0000000e+00   5.0392600e+02   1.4820400e+02   1.0000000e+00
  -1.0619342e+00   1.8732863e-01   8.7812053e-01   1.0000000e+00   5.3021200e+02   1.5353800e+02   1.0000000e+00
  -1.0259584e+00   1.2315347e-01   9.3597494e-01   1.0000000e+00   5.5838000e+02   1.6610000e+02   1.0000000e+00
  -9.8814424e-01   4.6357293e-02   9.8814525e-01   1.0000000e+00   5.9021700e+02   1.7895700e+02   1.0000000e+00
  -9.6123047e-01  -4.2005276e-02   1.0212754e+00   1.0000000e+00   6.2531800e+02   1.8784100e+02   1.0000000e+00
  -9.4873412e-01  -1.3526395e-01   1.0362430e+00   1.0000000e+00   6.6197700e+02   1.9148800e+02   1.0000000e+00
  -9.4576530e-01  -2.2976808e-01   1.0354996e+00   1.0000000e+00   6.9904800e+02   1.9219000e+02   1.0000000e+00
  -9.4587230e-01  -3.2904180e-01   1.0220648e+00   1.0000000e+00   7.3855600e+02   1.9228900e+02   1.0000000e+00
  -9.4612788e-01  -4.3102921e-01   9.9763983e-01   1.0000000e+00   7.7983700e+02   1.9304700e+02   1.0000000e+00
  -9.4476277e-01  -5.3281452e-01   9.6119219e-01   1.0000000e+00   8.2266700e+02   1.9504400e+02   1.0000000e+00
  -9.2910106e-01  -6.3060118e-01   9.1924614e-01   1.0000000e+00   8.6473900e+02   2.0321700e+02   1.0000000e+00
  -9.0492638e-01  -7.1824047e-01   8.7395192e-01   1.0000000e+00   9.0381300e+02   2.1535400e+02   1.0000000e+00
  -8.8133270e-01  -7.8994009e-01   8.3060066e-01   1.0000000e+00   9.3714300e+02   2.2751000e+02   1.0000000e+00
  -8.6226741e-01  -8.5085482e-01   7.9052334e-01   1.0000000e+00   9.6619100e+02   2.3778700e+02   1.0000000e+00
  -8.5329762e-01  -9.0461400e-01   7.5106843e-01   1.0000000e+00   9.9291300e+02   2.4400000e+02   1.0000000e+00
  -8.5338187e-01  -9.5164200e-01   7.1359148e-01   1.0000000e+00   1.0176000e+03   2.4638500e+02   1.0000000e+00
  -8.5352123e-01  -9.9627163e-01   6.8061146e-01   1.0000000e+00   1.0413700e+03   2.4842300e+02   1.0000000e+00
  -8.5023712e-01  -1.0409050e+00   6.4751402e-01   1.0000000e+00   1.0652500e+03   2.5200000e+02   1.0000000e+00
  -8.4424032e-01  -1.0807590e+00   6.1055498e-01   1.0000000e+00   1.0876400e+03   2.5732100e+02   1.0000000e+00
  -8.4252271e-01  -1.1083117e+00   5.6003843e-01   1.0000000e+00   1.1084200e+03   2.6167900e+02   1.0000000e+00
  -8.4200898e-01  -1.1234204e+00   4.9319093e-01   1.0000000e+00   1.1276100e+03   2.6738900e+02   1.0000000e+00
  -8.3280397e-01  -1.1331816e+00   4.1064835e-01   1.0000000e+00   1.1479300e+03   2.7847500e+02   1.0000000e+00
  -8.1150185e-01  -1.1352779e+00   3.1751363e-01   1.0000000e+00   1.1671800e+03   2.9742600e+02   1.0000000e+00
  -7.8539219e-01  -1.1236428e+00   2.2375221e-01   1.0000000e+00   1.1810600e+03   3.2003000e+02   1.0000000e+00
  -7.6707470e-01  -1.1077054e+00   1.3497375e-01   1.0000000e+00   1.1930000e+03   3.3943300e+02   1.0000000e+00
  -7.5730456e-01  -1.0882977e+00   5.3818180e-02   1.0000000e+00   1.2025600e+03   3.5497300e+02   1.0000000e+00
  -7.4147561e-01  -1.0640066e+00  -2.4978317e-02   1.0000000e+00   1.2092400e+03   3.7443800e+02   1.0000000e+00
  -7.2462353e-01  -1.0408315e+00  -9.7203038e-02   1.0000000e+00   1.2148000e+03   3.9470900e+02   1.0000000e+00
  -7.0965332e-01  -1.0221349e+00  -1.6190090e-01   1.0000000e+00   1.2213100e+03   4.1378800e+02   1.0000000e+00
  -6.9598502e-01  -1.0055279e+00  -2.2131667e-01   1.0000000e+00   1.2280700e+03   4.3229200e+02   1.0000000e+00
  -6.8842766e-01  -9.8989971e-01  -2.7376915e-01   1.0000000e+00   1.2342200e+03   4.4665600e+02   1.0000000e+00
  -6.8634541e-01  -9.7674738e-01  -3.2021725e-01   1.0000000e+00   1.2406000e+03   4.5747900e+02   1.0000000e+00
  -6.8018531e-01  -9.6781439e-01  -3.7483949e-01   1.0000000e+00   1.2523700e+03   4.7284300e+02   1.0000000e+00
  -6.6861581e-01  -9.6114741e-01  -4.3356617e-01   1.0000000e+00   1.2669600e+03   4.9328700e+02   1.0000000e+00
  -6.5666242e-01  -9.5147557e-01  -4.8829755e-01   1.0000000e+00   1.2769100e+03   5.1400000e+02   1.0000000e+00
  -6.2782870e-01  -9.0721065e-01  -5.7829906e-01   1.0000000e+00   1.2771200e+03   5.5736000e+02   1.0000000e+00
  -6.1926814e-01  -8.6106462e-01  -6.1587589e-01   1.0000000e+00   1.2606800e+03   5.7523500e+02   1.0000000e+00
  -6.1441251e-01  -8.0185706e-01  -6.4620480e-01   1.0000000e+00   1.2298400e+03   5.8905800e+02   1.0000000e+00
  -6.0798927e-01  -7.3340290e-01  -6.7074840e-01   1.0000000e+00   1.1889800e+03   6.0278600e+02   1.0000000e+00
  -6.0360588e-01  -6.5668744e-01  -6.9006545e-01   1.0000000e+00   1.1393400e+03   6.1404700e+02   1.0000000e+00
  -6.0127308e-01  -5.7921918e-01  -7.0837530e-01   1.0000000e+00   1.0874800e+03   6.2396100e+02   1.0000000e+00
  -6.0251117e-01  -5.0225868e-01  -7.2628608e-01   1.0000000e+00   1.0348300e+03   6.3145700e+02   1.0000000e+00
  -6.0097519e-01  -4.1452344e-01  -7.4532904e-01   1.0000000e+00   9.7225900e+02   6.4170600e+02   1.0000000e+00
  -6.0945706e-01  -3.2704529e-01  -7.5542863e-01   1.0000000e+00   9.0663300e+02   6.4189800e+02   1.0000000e+00
  -6.2435523e-01  -2.4591552e-01  -7.5929905e-01   1.0000000e+00   8.4367400e+02   6.3485300e+02   1.0000000e+00
  -6.3889238e-01  -1.7149206e-01  -7.6147453e-01   1.0000000e+00   7.8447900e+02   6.2702600e+02   1.0000000e+00
  -6.4927799e-01  -1.0056470e-01  -7.6214439e-01   1.0000000e+00   7.2720000e+02   6.2147700e+02   1.0000000e+00
  -6.5718635e-01  -2.9060718e-02  -7.5928832e-01   1.0000000e+00   6.6844200e+02   6.1626600e+02   1.0000000e+00
  -6.6584799e-01   4.4404669e-02  -7.5097327e-01   1.0000000e+00   6.0783200e+02   6.0856300e+02   1.0000000e+00
  -6.7345094e-01   1.2248600e-01  -7.3771600e-01   1.0000000e+00   5.4365300e+02   5.9991700e+02   1.0000000e+00
  -6.7949006e-01   2.0540665e-01  -7.1957027e-01   1.0000000e+00   4.7674600e+02   5.9085700e+02   1.0000000e+00
  -6.8116321e-01   2.8203727e-01  -6.9653831e-01   1.0000000e+00   4.1705900e+02   5.8317300e+02   1.0000000e+00
  -6.7176050e-01   3.5575769e-01  -6.6735963e-01   1.0000000e+00   3.6281100e+02   5.8167200e+02   1.0000000e+00
  -6.6561054e-01   4.2943922e-01  -6.2455542e-01   1.0000000e+00   3.1275000e+02   5.7342400e+02   1.0000000e+00
  -6.6610812e-01   5.0130105e-01  -5.7282298e-01   1.0000000e+00   2.6778300e+02   5.5833700e+02   1.0000000e+00
  -6.6943889e-01   5.6844063e-01  -5.1182722e-01   1.0000000e+00   2.3026300e+02   5.3966000e+02   1.0000000e+00
  -6.7689455e-01   6.2966099e-01  -4.4196024e-01   1.0000000e+00   2.0069500e+02   5.1709200e+02   1.0000000e+00
  -6.8540973e-01   6.8502548e-01  -3.6804173e-01   1.0000000e+00   1.7794600e+02   4.9442300e+02   1.0000000e+00
  -6.8950018e-01   7.3884654e-01  -2.9159537e-01   1.0000000e+00   1.5859700e+02   4.7545400e+02   1.0000000e+00
  -6.9033760e-01   7.8831164e-01  -2.1139478e-01   1.0000000e+00   1.4446400e+02   4.5870000e+02   1.0000000e+00
  -7.0125625e-01   8.2881552e-01  -1.3543691e-01   1.0000000e+00   1.3480600e+02   4.3827200e+02   1.0000000e+00
  -7.1754787e-01   8.6490232e-01  -6.9460756e-02   1.0000000e+00   1.2580900e+02   4.1788300e+02   1.0000000e+00
  -7.3297155e-01   8.9761629e-01  -6.4790147e-03   1.0000000e+00   1.1871400e+02   3.9934100e+02   1.0000000e+00
  -7.4975993e-01   9.2346137e-01   5.5258230e-02   1.0000000e+00   1.1542500e+02   3.8118400e+02   1.0000000e+00
  -7.5888306e-01   9.4577163e-01   1.1755124e-01   1.0000000e+00   1.1485200e+02   3.6774100e+02   1.0000000e+00
  -7.5426760e-01   9.6837111e-01   1.8315185e-01   1.0000000e+00   1.1602700e+02   3.6147300e+02   1.0000000e+00
  -7.4336269e-01   9.8584567e-01   2.4582874e-01   1.0000000e+00   1.1959200e+02   3.5901400e+02   1.0000000e+00
  -7.2664381e-01   9.9666278e-01   3.1147325e-01   1.0000000e+00   1.2709700e+02   3.5887100e+02   1.0000000e+00
  -7.0911135e-01   9.9336012e-01   3.8383424e-01   1.0000000e+00   1.4212300e+02   3.5808800e+02   1.0000000e+00
  -7.0073228e-01   9.7095688e-01   4.6001001e-01   1.0000000e+00   1.6514600e+02   3.5258300e+02   1.0000000e+00
  -7.0338472e-01   9.3089278e-01   5.3471115e-01   1.0000000e+00   1.9382600e+02   3.4260900e+02   1.0000000e+00
  -7.1020852e-01   8.7792214e-01   6.0674576e-01   1.0000000e+00   2.2612800e+02   3.3148900e+02   1.0000000e+00
  -7.1724918e-01   8.2024228e-01   6.7345234e-01   1.0000000e+00   2.5855300e+02   3.2114900e+02   1.0000000e+00
  -7.2398934e-01   7.6277120e-01   7.3513401e-01   1.0000000e+00   2.8908900e+02   3.1188900e+02   1.0000000e+00
  -7.3590080e-01   7.0453299e-01   7.9131899e-01   1.0000000e+00   3.1793200e+02   3.0129500e+02   1.0000000e+00
  -7.4975909e-01   6.5280569e-01   8.4101317e-01   1.0000000e+00   3.4266700e+02   2.9104400e+02   1.0000000e+00
  -7.5650980e-01   6.0775349e-01   8.9109651e-01   1.0000000e+00   3.6469000e+02   2.8385700e+02   1.0000000e+00
  -7.6387047e-01   5.6479295e-01   9.4123158e-01   1.0000000e+00   3.8487800e+02   2.7656100e+02   1.0000000e+00
  -7.7321728e-01   5.2096500e-01   9.8961002e-01   1.0000000e+00   4.0483300e+02   2.6890500e+02   1.0000000e+00
  -7.7586619e-01   4.7629800e-01   1.0388296e+00   1.0000000e+00   4.2466700e+02   2.6404400e+02   1.0000000e+00
  -7.7201888e-01   4.3240923e-01   1.0872539e+00   1.0000000e+00   4.4390500e+02   2.6200000e+02   1.0000000e+00
  -7.7123093e-01   3.8178923e-01   1.1325325e+00   1.0000000e+00   4.6487500e+02   2.5885000e+02   1.0000000e+00
  -7.7767295e-01   3.1875591e-01   1.1628217e+00   1.0000000e+00   4.8923100e+02   2.5400000e+02   1.0000000e+00
  -7.8784302e-01   2.4559808e-01   1.1820446e+00   1.0000000e+00   5.1705300e+02   2.4834200e+02   1.0000000e+00
  -8.0770309e-01   1.6838395e-01   1.1930401e+00   1.0000000e+00   5.4563400e+02   2.3982900e+02   1.0000000e+00
  -8.2854281e-01   9.0730645e-02   1.2027394e+00   1.0000000e+00   5.7427500e+02   2.3092500e+02   1.0000000e+00
  -8.3939752e-01   7.4668791e-03   1.2134934e+00   1.0000000e+00   6.0510000e+02   2.2565000e+02   1.0000000e+00
  -8.3679242e-01  -8.3025597e-02   1.2246027e+00   1.0000000e+00   6.3821100e+02   2.2536800e+02   1.0000000e+00
  -8.2307979e-01  -1.8130157e-01   1.2327394e+00   1.0000000e+00   6.7421900e+02   2.2985400e+02   1.0000000e+00
  -8.2115254e-01  -2.6761583e-01   1.2314396e+00   1.0000000e+00   7.0594900e+02   2.2987200e+02   1.0000000e+00
  -8.2972305e-01  -3.3845722e-01   1.2307653e+00   1.0000000e+00   7.3186100e+02   2.2661100e+02   1.0000000e+00
  -8.3557151e-01  -4.0355141e-01   1.2290631e+00   1.0000000e+00   7.5565000e+02   2.2410000e+02   1.0000000e+00
  -8.4070898e-01  -4.6513899e-01   1.2218827e+00   1.0000000e+00   7.7831600e+02   2.2231600e+02   1.0000000e+00
  -8.4545781e-01  -5.2477481e-01   1.2109299e+00   1.0000000e+00   8.0094900e+02   2.2087200e+02   1.0000000e+00
  -8.4332740e-01  -5.8750202e-01   1.1981901e+00   1.0000000e+00   8.2465800e+02   2.2197400e+02   1.0000000e+00
  -8.3356932e-01  -6.5317561e-01   1.1805675e+00   1.0000000e+00   8.4991900e+02   2.2654100e+02   1.0000000e+00
  -8.2145375e-01  -7.1266728e-01   1.1575168e+00   1.0000000e+00   8.7331600e+02   2.3197400e+02   1.0000000e+00
  -7.9912092e-01  -7.7274990e-01   1.1366490e+00   1.0000000e+00   8.9705600e+02   2.4133300e+02   1.0000000e+00
  -7.8089275e-01  -8.2897867e-01   1.1011260e+00   1.0000000e+00   9.2052600e+02   2.5023700e+02   1.0000000e+00
  -7.7330072e-01  -8.7948863e-01   1.0448567e+00   1.0000000e+00   9.4502400e+02   2.5658500e+02   1.0000000e+00
  -7.6799823e-01  -9.2352861e-01   9.7611747e-01   1.0000000e+00   9.6914600e+02   2.6300000e+02   1.0000000e+00
  -7.6375784e-01  -9.6174873e-01   8.9570906e-01   1.0000000e+00   9.9356500e+02   2.7015200e+02   1.0000000e+00
  -7.5946851e-01  -9.9277163e-01   8.1100368e-01   1.0000000e+00   1.0167800e+03   2.7828300e+02   1.0000000e+00
  -7.4798025e-01  -1.0231622e+00   7.2728913e-01   1.0000000e+00   1.0406500e+03   2.8935400e+02   1.0000000e+00
  -7.2869556e-01  -1.0559757e+00   6.4087113e-01   1.0000000e+00   1.0664900e+03   3.0471400e+02   1.0000000e+00
  -7.2425783e-01  -1.0804249e+00   5.4878265e-01   1.0000000e+00   1.0925700e+03   3.1545300e+02   1.0000000e+00
  -7.3649824e-01  -1.0987585e+00   4.6907982e-01   1.0000000e+00   1.1154500e+03   3.1756600e+02   1.0000000e+00
  -7.4664011e-01  -1.1189299e+00   3.9920785e-01   1.0000000e+00   1.1388600e+03   3.2005200e+02   1.0000000e+00
  -7.5670276e-01  -1.1408713e+00   3.3453779e-01   1.0000000e+00   1.1622100e+03   3.2179300e+02   1.0000000e+00
  -7.6817785e-01  -1.1550801e+00   2.6986263e-01   1.0000000e+00   1.1848500e+03   3.2354100e+02   1.0000000e+00
  -7.6976979e-01  -1.1709111e+00   2.0678987e-01   1.0000000e+00   1.2066800e+03   3.2941900e+02   1.0000000e+00
  -7.6776930e-01  -1.1851931e+00   1.4239227e-01   1.0000000e+00   1.2296500e+03   3.3786800e+02   1.0000000e+00
  -7.6814342e-01  -1.1921261e+00   8.8078912e-02   1.0000000e+00   1.2474700e+03   3.4418600e+02   1.0000000e+00
  -7.7073771e-01  -1.1926178e+00   2.7453707e-02   1.0000000e+00   1.2653400e+03   3.5082400e+02   1.0000000e+00
  -7.7701019e-01  -1.1791296e+00  -3.8770635e-02   1.0000000e+00   1.2767300e+03   3.5641200e+02   1.0000000e+00
  -6.9608508e-01  -5.8607452e-01  -1.0402333e+00   1.0000000e+00   1.2329400e+03   6.8933300e+02   1.0000000e+00
  -6.8605909e-01  -4.6966285e-01  -1.0401755e+00   1.0000000e+00   1.1207000e+03   7.0205800e+02   1.0000000e+00
  -6.8452274e-01  -3.5487058e-01  -1.0359188e+00   1.0000000e+00   1.0086600e+03   7.0537900e+02   1.0000000e+00
  -6.8844310e-01  -2.4780697e-01  -1.0235908e+00   1.0000000e+00   9.0167200e+02   6.9954700e+02   1.0000000e+00
  -6.9058437e-01  -1.5012167e-01  -1.0049866e+00   1.0000000e+00   8.0298500e+02   6.9165200e+02   1.0000000e+00
  -6.9465163e-01  -6.2519938e-02  -9.8491836e-01   1.0000000e+00   7.1546800e+02   6.8137300e+02   1.0000000e+00
  -7.0290048e-01   1.6575305e-02  -9.6271999e-01   1.0000000e+00   6.3806900e+02   6.6631500e+02   1.0000000e+00
  -7.1315831e-01   9.1602148e-02  -9.4122218e-01   1.0000000e+00   5.6619900e+02   6.4978500e+02   1.0000000e+00
  -7.1953474e-01   1.6562719e-01  -9.2118177e-01   1.0000000e+00   4.9684100e+02   6.3741700e+02   1.0000000e+00
  -7.1864796e-01   2.4190360e-01  -9.0415767e-01   1.0000000e+00   4.2744500e+02   6.3256300e+02   1.0000000e+00
  -7.0922432e-01   3.1314284e-01  -8.8479644e-01   1.0000000e+00   3.6540700e+02   6.3356000e+02   1.0000000e+00
  -6.9813185e-01   3.8628226e-01  -8.6310815e-01   1.0000000e+00   3.0453900e+02   6.3492700e+02   1.0000000e+00
  -6.9306264e-01   4.5706043e-01  -8.2614518e-01   1.0000000e+00   2.5074400e+02   6.2537900e+02   1.0000000e+00
  -6.9165721e-01   5.2569084e-01  -7.8075138e-01   1.0000000e+00   2.0314800e+02   6.1022900e+02   1.0000000e+00
  -6.9451849e-01   5.8841968e-01  -7.2991266e-01   1.0000000e+00   1.6422100e+02   5.9075900e+02   1.0000000e+00
  -6.9975916e-01   6.4564092e-01  -6.7102548e-01   1.0000000e+00   1.3366700e+02   5.6801600e+02   1.0000000e+00
  -7.0488784e-01   7.0091561e-01  -6.0494860e-01   1.0000000e+00   1.0886400e+02   5.4471000e+02   1.0000000e+00
  -7.0905149e-01   7.5576320e-01  -5.3462900e-01   1.0000000e+00   8.7506500e+01   5.2261700e+02   1.0000000e+00
  -7.1151551e-01   8.0980935e-01  -4.6092380e-01   1.0000000e+00   6.9035700e+01   5.0272100e+02   1.0000000e+00
  -7.1973525e-01   8.6131186e-01  -3.8768727e-01   1.0000000e+00   5.3085300e+01   4.8038000e+02   1.0000000e+00
  -7.4824678e-01   9.4756979e-01  -2.6750261e-01   1.0000000e+00   2.6426100e+01   4.3829600e+02   1.0000000e+00
