  -1.1699113e+00  -9.8162944e-01  -7.4672501e-01   1.0000000e+00   1.2238800e+03   4.6808000e+02   1.0000000e+00
  -1.2202984e+00  -9.1534868e-01  -6.8296775e-01   1.0000000e+00   1.1637100e+03   4.2392100e+02   1.0000000e+00
  -1.3017673e+00  -7.9097119e-01  -5.9367974e-01   1.0000000e+00   1.0622200e+03   3.5940400e+02   1.0000000e+00
  -1.3201978e+00  -7.2507912e-01  -5.5629363e-01   1.0000000e+00   1.0100200e+03   3.4431900e+02   1.0000000e+00
  -1.3255773e+00  -6.5305058e-01  -5.2393953e-01   1.0000000e+00   9.5589400e+02   3.3864500e+02   1.0000000e+00
  -1.3270969e+00  -5.7873316e-01  -5.0169740e-01   1.0000000e+00   9.0317900e+02   3.3842900e+02   1.0000000e+00
  -1.3316678e+00  -5.0802962e-01  -4.9407502e-01   1.0000000e+00   8.5626400e+02   3.4020700e+02   1.0000000e+00
  -1.3372178e+00  -4.4125125e-01  -4.9485361e-01   1.0000000e+00   8.1338600e+02   3.4333100e+02   1.0000000e+00
  -1.3414968e+00  -3.7907191e-01  -4.9442938e-01   1.0000000e+00   7.7241900e+02   3.4637800e+02   1.0000000e+00
  -1.3472734e+00  -3.1364893e-01  -4.8246364e-01   1.0000000e+00   7.2638100e+02   3.4571400e+02   1.0000000e+00
  -1.3514988e+00  -2.4752225e-01  -4.6968516e-01   1.0000000e+00   6.7967500e+02   3.4628500e+02   1.0000000e+00
  -1.3494337e+00  -1.8781528e-01  -4.6297946e-01   1.0000000e+00   6.3815000e+02   3.5160500e+02   1.0000000e+00
  -1.3404927e+00  -1.3682386e-01  -4.6232039e-01   1.0000000e+00   6.0388700e+02   3.6228000e+02   1.0000000e+00
  -1.3258054e+00  -9.0189137e-02  -4.5985849e-01   1.0000000e+00   5.7256000e+02   3.7555300e+02   1.0000000e+00
  -1.3097508e+00  -4.7675319e-02  -4.5430178e-01   1.0000000e+00   5.4402000e+02   3.8835300e+02   1.0000000e+00
  -1.3013776e+00  -1.7591834e-02  -4.5196621e-01   1.0000000e+00   5.2395800e+02   3.9597900e+02   1.0000000e+00
  -1.3052150e+00  -8.4210095e-04  -4.5971887e-01   1.0000000e+00   5.1293900e+02   3.9773000e+02   1.0000000e+00
  -1.3116143e+00   2.0506209e-02  -4.7095261e-01   1.0000000e+00   4.9859100e+02   3.9937700e+02   1.0000000e+00
  -1.3111453e+00   5.0342986e-02  -4.8143752e-01   1.0000000e+00   4.7851300e+02   4.0617300e+02   1.0000000e+00
  -1.3022691e+00   7.9321023e-02  -4.9739379e-01   1.0000000e+00   4.6011200e+02   4.1971700e+02   1.0000000e+00
  -1.2895017e+00   9.8802521e-02  -5.2390384e-01   1.0000000e+00   4.4910200e+02   4.3856700e+02   1.0000000e+00
  -1.2711158e+00   1.1249744e-01  -5.6119384e-01   1.0000000e+00   4.4338300e+02   4.6435200e+02   1.0000000e+00
  -1.2466102e+00   1.2225993e-01  -6.0923488e-01   1.0000000e+00   4.4156300e+02   4.9829900e+02   1.0000000e+00
  -1.2157818e+00   1.2869235e-01  -6.6814154e-01   1.0000000e+00   4.4364800e+02   5.4134700e+02   1.0000000e+00
  -1.1783565e+00   1.3074263e-01  -7.3334388e-01   1.0000000e+00   4.5032000e+02   5.9238700e+02   1.0000000e+00
  -1.1400454e+00   1.2451444e-01  -7.9568312e-01   1.0000000e+00   4.6387600e+02   6.4387000e+02   1.0000000e+00
  -1.1105610e+00   1.1149430e-01  -8.3854077e-01   1.0000000e+00   4.8062900e+02   6.8088700e+02   1.0000000e+00
  -1.0897819e+00   9.4589071e-02  -8.6206794e-01   1.0000000e+00   4.9819500e+02   7.0291400e+02   1.0000000e+00
  -1.0749971e+00   7.5094774e-02  -8.7165446e-01   1.0000000e+00   5.1589200e+02   7.1390900e+02   1.0000000e+00
  -1.0650516e+00   5.3213037e-02  -8.6717849e-01   1.0000000e+00   5.3344000e+02   7.1441800e+02   1.0000000e+00
  -1.0581437e+00   2.6201700e-02  -8.4451779e-01   1.0000000e+00   5.5221200e+02   7.0317900e+02   1.0000000e+00
  -1.0534347e+00  -6.9888077e-03  -8.0644101e-01   1.0000000e+00   5.7284600e+02   6.8289100e+02   1.0000000e+00
  -1.0489458e+00  -4.4027627e-02  -7.6019688e-01   1.0000000e+00   5.9433100e+02   6.5911800e+02   1.0000000e+00
  -1.0420535e+00  -8.7018324e-02  -7.1065747e-01   1.0000000e+00   6.1832500e+02   6.3570600e+02   1.0000000e+00
  -1.0339970e+00  -1.4168061e-01  -6.5616215e-01   1.0000000e+00   6.4820300e+02   6.1071600e+02   1.0000000e+00
  -1.0232827e+00  -2.0680201e-01  -5.9735214e-01   1.0000000e+00   6.8231400e+02   5.8605000e+02   1.0000000e+00
  -1.0160296e+00  -2.7643277e-01  -5.4386104e-01   1.0000000e+00   7.1782200e+02   5.6250400e+02   1.0000000e+00
  -1.0134330e+00  -3.3436559e-01  -5.0298338e-01   1.0000000e+00   7.4630900e+02   5.4340600e+02   1.0000000e+00
  -1.0167900e+00  -3.8510664e-01  -4.6845730e-01   1.0000000e+00   7.7044800e+02   5.2488000e+02   1.0000000e+00
  -1.0258256e+00  -4.3050518e-01  -4.3326231e-01   1.0000000e+00   7.9046200e+02   5.0442000e+02   1.0000000e+00
  -1.0388627e+00  -4.7063947e-01  -3.9854326e-01   1.0000000e+00   8.0701800e+02   4.8321200e+02   1.0000000e+00
  -1.0516062e+00  -5.0964930e-01  -3.6259463e-01   1.0000000e+00   8.2217000e+02   4.6246400e+02   1.0000000e+00
  -1.0605108e+00  -5.5141899e-01  -3.2180116e-01   1.0000000e+00   8.3727500e+02   4.4279800e+02   1.0000000e+00
  -1.0611542e+00  -5.9946294e-01  -2.7531473e-01   1.0000000e+00   8.5398100e+02   4.2601900e+02   1.0000000e+00
  -1.0568420e+00  -6.5606090e-01  -2.2609640e-01   1.0000000e+00   8.7363600e+02   4.1093900e+02   1.0000000e+00
  -1.0458938e+00  -7.0996739e-01  -1.7522769e-01   1.0000000e+00   8.9046200e+02   3.9967000e+02   1.0000000e+00
  -1.0347442e+00  -7.6540285e-01  -1.1528128e-01   1.0000000e+00   9.0513300e+02   3.8691100e+02   1.0000000e+00
  -1.0373678e+00  -8.0613270e-01  -4.1475327e-02   1.0000000e+00   9.0955300e+02   3.6663500e+02   1.0000000e+00
  -1.0495149e+00  -8.2944572e-01   3.9070850e-02   1.0000000e+00   9.0461800e+02   3.4300000e+02   1.0000000e+00
  -1.0572167e+00  -8.4148053e-01   1.2226349e-01   1.0000000e+00   8.9418100e+02   3.2300000e+02   1.0000000e+00
  -1.0571479e+00  -8.4045227e-01   2.0808830e-01   1.0000000e+00   8.7800000e+02   3.0765200e+02   1.0000000e+00
  -1.0498072e+00  -8.2803192e-01   2.9805986e-01   1.0000000e+00   8.5684900e+02   2.9606100e+02   1.0000000e+00
  -1.0369210e+00  -8.1071812e-01   3.9329632e-01   1.0000000e+00   8.3395200e+02   2.8717700e+02   1.0000000e+00
  -1.0236831e+00  -7.9158650e-01   4.8982737e-01   1.0000000e+00   8.1150000e+02   2.7871400e+02   1.0000000e+00
  -1.0087254e+00  -7.7219030e-01   5.8705278e-01   1.0000000e+00   7.9000000e+02   2.7150000e+02   1.0000000e+00
  -1.0039882e+00  -7.5589574e-01   6.6626480e-01   1.0000000e+00   7.7338500e+02   2.6325000e+02   1.0000000e+00
  -1.0134599e+00  -7.4029512e-01   7.2865134e-01   1.0000000e+00   7.5968600e+02   2.5178400e+02   1.0000000e+00
  -1.0342106e+00  -7.2227268e-01   7.8100109e-01   1.0000000e+00   7.4657100e+02   2.3832700e+02   1.0000000e+00
  -1.0617223e+00  -7.0251995e-01   8.2062229e-01   1.0000000e+00   7.3437500e+02   2.2372900e+02   1.0000000e+00
  -1.0870648e+00  -6.8358595e-01   8.5160203e-01   1.0000000e+00   7.2356900e+02   2.1147100e+02   1.0000000e+00
  -1.1042285e+00  -6.6805454e-01   8.8327194e-01   1.0000000e+00   7.1400000e+02   2.0200000e+02   1.0000000e+00
  -1.1151961e+00  -6.5333500e-01   9.2094818e-01   1.0000000e+00   7.0455300e+02   1.9423400e+02   1.0000000e+00
  -1.1194341e+00  -6.3130745e-01   9.6717203e-01   1.0000000e+00   6.9139100e+02   1.8839100e+02   1.0000000e+00
  -1.1265527e+00  -5.8788072e-01   1.0205579e+00   1.0000000e+00   6.7020500e+02   1.8188600e+02   1.0000000e+00
  -1.1329905e+00  -5.2296376e-01   1.0660394e+00   1.0000000e+00   6.4211600e+02   1.7788400e+02   1.0000000e+00
  -1.1329292e+00  -4.4537304e-01   1.1035188e+00   1.0000000e+00   6.1097700e+02   1.7758100e+02   1.0000000e+00
  -1.1225624e+00  -3.5836915e-01   1.1306443e+00   1.0000000e+00   5.7753300e+02   1.8257800e+02   1.0000000e+00
  -1.1048370e+00  -2.6785025e-01   1.1481411e+00   1.0000000e+00   5.4404800e+02   1.9192900e+02   1.0000000e+00
  -1.0833615e+00  -1.7615969e-01   1.1561759e+00   1.0000000e+00   5.1088400e+02   2.0311600e+02   1.0000000e+00
  -1.0571792e+00  -9.1292309e-02   1.1548677e+00   1.0000000e+00   4.8107000e+02   2.1672100e+02   1.0000000e+00
  -1.0323404e+00  -1.2408795e-02   1.1500142e+00   1.0000000e+00   4.5358100e+02   2.2997700e+02   1.0000000e+00
  -1.0245765e+00   5.3624332e-02   1.1419207e+00   1.0000000e+00   4.2992900e+02   2.3704800e+02   1.0000000e+00
  -1.0293513e+00   1.1201305e-01   1.1270747e+00   1.0000000e+00   4.0828900e+02   2.3991100e+02   1.0000000e+00
  -1.0375959e+00   1.6616762e-01   1.1084839e+00   1.0000000e+00   3.8763000e+02   2.4210900e+02   1.0000000e+00
  -1.0448863e+00   2.1721370e-01   1.0880243e+00   1.0000000e+00   3.6815200e+02   2.4456500e+02   1.0000000e+00
  -1.0508104e+00   2.6715340e-01   1.0671532e+00   1.0000000e+00   3.4860400e+02   2.4754200e+02   1.0000000e+00
  -1.0596416e+00   3.1602882e-01   1.0502664e+00   1.0000000e+00   3.2917000e+02   2.4902100e+02   1.0000000e+00
  -1.0679379e+00   3.6522643e-01   1.0324353e+00   1.0000000e+00   3.0937000e+02   2.5089100e+02   1.0000000e+00
  -1.0688134e+00   4.1755796e-01   1.0076180e+00   1.0000000e+00   2.8837000e+02   2.5689100e+02   1.0000000e+00
  -1.0698796e+00   4.6788807e-01   9.6143323e-01   1.0000000e+00   2.6750000e+02   2.6500000e+02   1.0000000e+00
  -1.0706875e+00   5.1354095e-01   9.0264687e-01   1.0000000e+00   2.4747100e+02   2.7556900e+02   1.0000000e+00
  -1.0686180e+00   5.5367254e-01   8.3946367e-01   1.0000000e+00   2.2942000e+02   2.8776000e+02   1.0000000e+00
  -1.0637841e+00   5.8813557e-01   7.7424372e-01   1.0000000e+00   2.1314300e+02   3.0162500e+02   1.0000000e+00
  -1.0537865e+00   6.2009106e-01   7.0328617e-01   1.0000000e+00   1.9750000e+02   3.1900000e+02   1.0000000e+00
  -1.0327946e+00   6.5577653e-01   6.2676631e-01   1.0000000e+00   1.8075900e+02   3.4251700e+02   1.0000000e+00
  -9.9962454e-01   6.9584383e-01   5.4576056e-01   1.0000000e+00   1.6235000e+02   3.7326700e+02   1.0000000e+00
  -9.7537986e-01   7.3620644e-01   4.6833419e-01   1.0000000e+00   1.4232800e+02   4.0089100e+02   1.0000000e+00
  -9.7325231e-01   7.6663234e-01   4.1075601e-01   1.0000000e+00   1.2471200e+02   4.1584800e+02   1.0000000e+00
  -9.8859605e-01   7.8861534e-01   3.6183702e-01   1.0000000e+00   1.0861200e+02   4.2135800e+02   1.0000000e+00
  -1.0095394e+00   8.0580673e-01   3.1656988e-01   1.0000000e+00   9.3573500e+01   4.2354400e+02   1.0000000e+00
  -1.0268332e+00   8.2335703e-01   2.7342077e-01   1.0000000e+00   7.8739700e+01   4.2695900e+02   1.0000000e+00
  -1.0343680e+00   8.4307218e-01   2.2921243e-01   1.0000000e+00   6.3506900e+01   4.3523300e+02   1.0000000e+00
  -1.0301318e+00   8.6349459e-01   1.8118408e-01   1.0000000e+00   4.8958900e+01   4.5006800e+02   1.0000000e+00
  -1.0180928e+00   8.8274361e-01   1.2828430e-01   1.0000000e+00   3.5115400e+01   4.7014100e+02   1.0000000e+00
  -1.0099097e+00   8.9793237e-01   7.4462256e-02   1.0000000e+00   2.2532500e+01   4.8905200e+02   1.0000000e+00
  -9.9955402e-01   9.0840523e-01   2.1115903e-02   1.0000000e+00   1.2304900e+01   5.0930500e+02   1.0000000e+00
  -9.8876830e-01   9.1055086e-01  -3.8552273e-02   1.0000000e+00   5.8928600e+00   5.3156000e+02   1.0000000e+00
  -9.8625091e-01   8.9252132e-01  -9.7653920e-02   1.0000000e+00   9.1236000e+00   5.4861800e+02   1.0000000e+00
  -9.8549737e-01   8.5954218e-01  -1.5399316e-01   1.0000000e+00   2.1406600e+01   5.6345100e+02   1.0000000e+00
  -9.8160826e-01   8.1808036e-01  -2.0638411e-01   1.0000000e+00   4.0494800e+01   5.7817500e+02   1.0000000e+00
  -9.7548420e-01   7.6765645e-01  -2.5501239e-01   1.0000000e+00   6.6554500e+01   5.9234700e+02   1.0000000e+00
  -9.6276141e-01   7.0967399e-01  -3.0502771e-01   1.0000000e+00   9.9028300e+01   6.0995300e+02   1.0000000e+00
  -9.3942460e-01   6.4354405e-01  -3.6312941e-01   1.0000000e+00   1.3915600e+02   6.3522900e+02   1.0000000e+00
  -9.0465576e-01   5.6674954e-01  -4.2173128e-01   1.0000000e+00   1.8925000e+02   6.6606500e+02   1.0000000e+00
  -8.2021687e-01   1.4004510e-01  -6.6557969e-01   1.0000000e+00   4.7513300e+02   7.5975800e+02   1.0000000e+00
  -8.4167098e-01   1.2118399e-01  -6.9761850e-01   1.0000000e+00   4.8807400e+02   7.6143000e+02   1.0000000e+00
  -8.7689480e-01   1.1192194e-01  -7.3271314e-01   1.0000000e+00   4.9402100e+02   7.5928000e+02   1.0000000e+00
  -9.2152999e-01   1.0617343e-01  -7.5622758e-01   1.0000000e+00   4.9615600e+02   7.4672700e+02   1.0000000e+00
  -9.5844093e-01   8.9941697e-02  -7.7087063e-01   1.0000000e+00   5.0561500e+02   7.3205000e+02   1.0000000e+00
  -9.8137851e-01   5.5756282e-02  -7.8378182e-01   1.0000000e+00   5.2954100e+02   7.2127700e+02   1.0000000e+00
  -9.9441415e-01   1.1305827e-02  -7.9324506e-01   1.0000000e+00   5.6183100e+02   7.1248700e+02   1.0000000e+00
  -1.0007757e+00  -3.7603302e-02  -7.9698982e-01   1.0000000e+00   5.9745700e+02   7.0423500e+02   1.0000000e+00
  -9.9633500e-01  -8.9828186e-02  -7.9612446e-01   1.0000000e+00   6.3512800e+02   6.9908500e+02   1.0000000e+00
  -9.7833431e-01  -1.5163884e-01  -7.9495858e-01   1.0000000e+00   6.7951600e+02   7.0022000e+02   1.0000000e+00
  -9.4710808e-01  -2.1887389e-01  -7.9089390e-01   1.0000000e+00   7.2620800e+02   7.0625300e+02   1.0000000e+00
  -9.1984100e-01  -2.8716057e-01  -7.8641239e-01   1.0000000e+00   7.7198000e+02   7.0952000e+02   1.0000000e+00
  -9.1003198e-01  -3.4444212e-01  -7.8076139e-01   1.0000000e+00   8.0883100e+02   7.0451300e+02   1.0000000e+00
  -9.0951932e-01  -3.9291554e-01  -7.7240904e-01   1.0000000e+00   8.3874700e+02   6.9474700e+02   1.0000000e+00
  -9.0079883e-01  -4.3966658e-01  -7.6187969e-01   1.0000000e+00   8.6610500e+02   6.8858000e+02   1.0000000e+00
  -8.7501027e-01  -4.8248921e-01  -7.4566452e-01   1.0000000e+00   8.8842200e+02   6.8956300e+02   1.0000000e+00
  -8.4293834e-01  -5.3206778e-01  -7.2704087e-01   1.0000000e+00   9.1295500e+02   6.9162900e+02   1.0000000e+00
  -8.1758593e-01  -5.8839446e-01  -7.0882785e-01   1.0000000e+00   9.4087400e+02   6.8964600e+02   1.0000000e+00
  -8.0072561e-01  -6.5015397e-01  -6.9143034e-01   1.0000000e+00   9.7150800e+02   6.8344200e+02   1.0000000e+00
  -7.8710050e-01  -7.2149019e-01  -6.7116815e-01   1.0000000e+00   1.0057500e+03   6.7369500e+02   1.0000000e+00
  -7.7688659e-01  -7.9949203e-01  -6.4456831e-01   1.0000000e+00   1.0409200e+03   6.5981700e+02   1.0000000e+00
  -7.6433195e-01  -8.5867516e-01  -6.1079547e-01   1.0000000e+00   1.0625300e+03   6.4688900e+02   1.0000000e+00
  -7.4752482e-01  -9.1114979e-01  -5.7032049e-01   1.0000000e+00   1.0765500e+03   6.3499000e+02   1.0000000e+00
  -7.3405591e-01  -9.5911671e-01  -5.2040554e-01   1.0000000e+00   1.0854800e+03   6.1935100e+02   1.0000000e+00
  -7.3059556e-01  -9.9768180e-01  -4.6169683e-01   1.0000000e+00   1.0876700e+03   5.9847200e+02   1.0000000e+00
  -7.3177615e-01  -1.0296688e+00  -3.9205049e-01   1.0000000e+00   1.0839300e+03   5.7386700e+02   1.0000000e+00
  -7.3182215e-01  -1.0546302e+00  -3.1006291e-01   1.0000000e+00   1.0736800e+03   5.4823700e+02   1.0000000e+00
  -7.2465528e-01  -1.0714788e+00  -2.1900448e-01   1.0000000e+00   1.0579200e+03   5.2540500e+02   1.0000000e+00
  -7.0804590e-01  -1.0875213e+00  -1.2388561e-01   1.0000000e+00   1.0410600e+03   5.0697100e+02   1.0000000e+00
  -6.9384996e-01  -1.0997701e+00  -3.5960033e-02   1.0000000e+00   1.0258500e+03   4.9093900e+02   1.0000000e+00
  -6.8738644e-01  -1.1057167e+00   3.7869057e-02   1.0000000e+00   1.0119500e+03   4.7623400e+02   1.0000000e+00
  -6.8391945e-01  -1.1151214e+00   1.0492292e-01   1.0000000e+00   1.0018100e+03   4.6244100e+02   1.0000000e+00
  -6.8694106e-01  -1.1321111e+00   1.6756177e-01   1.0000000e+00   9.9598300e+02   4.4717200e+02   1.0000000e+00
  -6.9644428e-01  -1.1530800e+00   2.2787769e-01   1.0000000e+00   9.9285500e+02   4.3025500e+02   1.0000000e+00
  -7.0619580e-01  -1.1708946e+00   2.8911789e-01   1.0000000e+00   9.8856400e+02   4.1367300e+02   1.0000000e+00
  -7.1419155e-01  -1.1798995e+00   3.4984513e-01   1.0000000e+00   9.8089600e+02   3.9916700e+02   1.0000000e+00
  -7.2395477e-01  -1.1759593e+00   4.0984758e-01   1.0000000e+00   9.6881600e+02   3.8514300e+02   1.0000000e+00
  -7.3951478e-01  -1.1510926e+00   4.6692101e-01   1.0000000e+00   9.5014000e+02   3.7130000e+02   1.0000000e+00
  -7.5170606e-01  -1.1093740e+00   5.2182542e-01   1.0000000e+00   9.2574000e+02   3.6016000e+02   1.0000000e+00
  -7.5697736e-01  -1.0551055e+00   5.7616945e-01   1.0000000e+00   8.9677600e+02   3.5255100e+02   1.0000000e+00
  -7.6046333e-01  -9.8557428e-01   6.2725457e-01   1.0000000e+00   8.6375000e+02   3.4700000e+02   1.0000000e+00
  -7.6003563e-01  -9.0846781e-01   6.7595572e-01   1.0000000e+00   8.2857400e+02   3.4383000e+02   1.0000000e+00
  -7.5191026e-01  -8.3572085e-01   7.2418212e-01   1.0000000e+00   7.9542600e+02   3.4283000e+02   1.0000000e+00
  -7.4454020e-01  -7.7403423e-01   7.7773201e-01   1.0000000e+00   7.6691300e+02   3.4100000e+02   1.0000000e+00
  -7.5327512e-01  -7.2384705e-01   8.2150276e-01   1.0000000e+00   7.4380000e+02   3.3420000e+02   1.0000000e+00
  -7.7405301e-01  -6.8026182e-01   8.5684818e-01   1.0000000e+00   7.2420000e+02   3.2420000e+02   1.0000000e+00
  -7.9751725e-01  -6.4200356e-01   8.9315127e-01   1.0000000e+00   7.0650000e+02   3.1300000e+02   1.0000000e+00
  -8.2068992e-01  -6.1267125e-01   9.3319280e-01   1.0000000e+00   6.9200000e+02   3.0100000e+02   1.0000000e+00
  -8.3992826e-01  -5.9048880e-01   9.7957528e-01   1.0000000e+00   6.7955800e+02   2.8944200e+02   1.0000000e+00
  -8.5204589e-01  -5.7190889e-01   1.0335114e+00   1.0000000e+00   6.6800000e+02   2.7924400e+02   1.0000000e+00
  -8.5616720e-01  -5.5222918e-01   1.0936118e+00   1.0000000e+00   6.5600000e+02   2.7150000e+02   1.0000000e+00
  -8.5654440e-01  -5.3215169e-01   1.1527905e+00   1.0000000e+00   6.4424400e+02   2.6500000e+02   1.0000000e+00
  -8.5910459e-01  -5.0947965e-01   1.2126619e+00   1.0000000e+00   6.3200000e+02   2.5800000e+02   1.0000000e+00
  -8.6611520e-01  -4.8471071e-01   1.2626039e+00   1.0000000e+00   6.2005300e+02   2.5107900e+02   1.0000000e+00
  -8.6922594e-01  -4.5029458e-01   1.3041692e+00   1.0000000e+00   6.0544400e+02   2.4708300e+02   1.0000000e+00
  -8.6213465e-01  -4.0775477e-01   1.3436123e+00   1.0000000e+00   5.8900000e+02   2.4700000e+02   1.0000000e+00
  -8.4854869e-01  -3.5879569e-01   1.3790798e+00   1.0000000e+00   5.7114700e+02   2.4961800e+02   1.0000000e+00
  -8.3391642e-01  -2.9981370e-01   1.4036295e+00   1.0000000e+00   5.5091900e+02   2.5454100e+02   1.0000000e+00
  -7.5609362e-01  -6.1533751e-03   1.4356442e+00   1.0000000e+00   4.5586100e+02   2.8861100e+02   1.0000000e+00
  -7.4596008e-01   6.7664560e-02   1.4231881e+00   1.0000000e+00   4.3208800e+02   2.9679400e+02   1.0000000e+00
  -7.4584525e-01   1.3268559e-01   1.4039328e+00   1.0000000e+00   4.1108300e+02   3.0222200e+02   1.0000000e+00
  -7.4928282e-01   1.9149806e-01   1.3824413e+00   1.0000000e+00   3.9140000e+02   3.0651400e+02   1.0000000e+00
  -7.5788648e-01   2.4539780e-01   1.3567763e+00   1.0000000e+00   3.7286100e+02   3.0961100e+02   1.0000000e+00
  -7.6973523e-01   2.9395614e-01   1.3290626e+00   1.0000000e+00   3.5586500e+02   3.1170300e+02   1.0000000e+00
  -7.8006117e-01   3.3935045e-01   1.3038321e+00   1.0000000e+00   3.3980000e+02   3.1392500e+02   1.0000000e+00
  -7.8428067e-01   3.8565751e-01   1.2822046e+00   1.0000000e+00   3.2323100e+02   3.1784600e+02   1.0000000e+00
  -7.8266827e-01   4.3960822e-01   1.2646069e+00   1.0000000e+00   3.0434200e+02   3.2339500e+02   1.0000000e+00
  -7.8139622e-01   4.9949867e-01   1.2511729e+00   1.0000000e+00   2.8300000e+02   3.2859000e+02   1.0000000e+00
  -7.7793276e-01   5.6300931e-01   1.2369733e+00   1.0000000e+00   2.6084600e+02   3.3500000e+02   1.0000000e+00
  -6.2999912e-01   7.8226586e-01  -6.2069258e-01   1.0000000e+00   8.6198000e+01   9.0196000e+02   1.0000000e+00
  -6.3515512e-01   7.2444659e-01  -6.6564066e-01   1.0000000e+00   1.1837400e+02   9.1511200e+02   1.0000000e+00
  -6.4162202e-01   6.6490250e-01  -7.0249441e-01   1.0000000e+00   1.5337800e+02   9.2396400e+02   1.0000000e+00
  -6.4959878e-01   6.0707030e-01  -7.3145343e-01   1.0000000e+00   1.8853400e+02   9.2817200e+02   1.0000000e+00
  -6.5382297e-01   5.5062700e-01  -7.5876426e-01   1.0000000e+00   2.2438700e+02   9.3361300e+02   1.0000000e+00
  -6.5360800e-01   4.9461815e-01  -7.8727359e-01   1.0000000e+00   2.6151600e+02   9.4156600e+02   1.0000000e+00
  -6.5016617e-01   4.3651766e-01  -8.1994011e-01   1.0000000e+00   3.0126400e+02   9.5310100e+02   1.0000000e+00
  -6.4642185e-01   3.7438353e-01  -8.5471273e-01   1.0000000e+00   3.4480300e+02   9.6564400e+02   1.0000000e+00
  -6.3982913e-01   3.1284906e-01  -8.8276748e-01   1.0000000e+00   3.8896300e+02   9.7577800e+02   1.0000000e+00
  -6.3367828e-01   2.4406479e-01  -9.0764297e-01   1.0000000e+00   4.3875700e+02   9.8293400e+02   1.0000000e+00
  -6.3679575e-01   1.7164031e-01  -9.1585647e-01   1.0000000e+00   4.8926100e+02   9.7574600e+02   1.0000000e+00
  -6.3725235e-01   9.7100309e-02  -9.1194978e-01   1.0000000e+00   5.4025200e+02   9.6246000e+02   1.0000000e+00
  -6.3189247e-01   2.3278908e-02  -8.9916888e-01   1.0000000e+00   5.8916900e+02   9.4723500e+02   1.0000000e+00
  -6.2184744e-01  -5.0116624e-02  -8.7480341e-01   1.0000000e+00   6.3523900e+02   9.2803700e+02   1.0000000e+00
  -6.0874919e-01  -1.2660823e-01  -8.4119851e-01   1.0000000e+00   6.8011800e+02   9.0557500e+02   1.0000000e+00
  -5.9292856e-01  -2.0636644e-01  -8.0668675e-01   1.0000000e+00   7.2479200e+02   8.8450400e+02   1.0000000e+00
  -5.7692397e-01  -2.9065906e-01  -7.7414792e-01   1.0000000e+00   7.7026000e+02   8.6466400e+02   1.0000000e+00
  -5.6251312e-01  -3.6960750e-01  -7.3511518e-01   1.0000000e+00   8.0919300e+02   8.4277200e+02   1.0000000e+00
  -5.6345354e-01  -4.4344252e-01  -6.9094243e-01   1.0000000e+00   8.4247700e+02   8.1420700e+02   1.0000000e+00
  -5.7990753e-01  -5.0296970e-01  -6.5203418e-01   1.0000000e+00   8.6795100e+02   7.8402900e+02   1.0000000e+00
  -5.9445709e-01  -5.5899862e-01  -6.2000445e-01   1.0000000e+00   8.9218800e+02   7.5867300e+02   1.0000000e+00
  -6.0803682e-01  -6.1268291e-01  -5.8953886e-01   1.0000000e+00   9.1492900e+02   7.3514100e+02   1.0000000e+00
  -6.2185258e-01  -6.6341670e-01  -5.5680115e-01   1.0000000e+00   9.3495100e+02   7.1152500e+02   1.0000000e+00
  -6.2661802e-01  -7.1563845e-01  -5.2514751e-01   1.0000000e+00   9.5512600e+02   6.9271600e+02   1.0000000e+00
  -6.2029152e-01  -7.7288445e-01  -4.9569656e-01   1.0000000e+00   9.7694700e+02   6.7902100e+02   1.0000000e+00
  -6.1327265e-01  -8.3123433e-01  -4.6653959e-01   1.0000000e+00   9.9863200e+02   6.6632200e+02   1.0000000e+00
  -6.1208439e-01  -8.8631987e-01  -4.3384023e-01   1.0000000e+00   1.0175400e+03   6.5071100e+02   1.0000000e+00
  -6.2638683e-01  -9.3035024e-01  -3.9324478e-01   1.0000000e+00   1.0294900e+03   6.2787800e+02   1.0000000e+00
  -6.4567602e-01  -9.6280292e-01  -3.4580136e-01   1.0000000e+00   1.0342900e+03   6.0255100e+02   1.0000000e+00
  -6.5798862e-01  -9.9070504e-01  -2.9028665e-01   1.0000000e+00   1.0344400e+03   5.7902700e+02   1.0000000e+00
  -6.6573263e-01  -1.0157082e+00  -2.2648396e-01   1.0000000e+00   1.0310600e+03   5.5619400e+02   1.0000000e+00
  -6.7415852e-01  -1.0362898e+00  -1.5494389e-01   1.0000000e+00   1.0239400e+03   5.3238600e+02   1.0000000e+00
  -6.8813227e-01  -1.0534161e+00  -7.6357793e-02   1.0000000e+00   1.0146100e+03   5.0616700e+02   1.0000000e+00
  -7.0096155e-01  -1.0729458e+00   6.6391733e-03   1.0000000e+00   1.0055400e+03   4.8029500e+02   1.0000000e+00
  -7.0139689e-01  -1.0993339e+00   8.8481335e-02   1.0000000e+00   9.9944100e+02   4.6018600e+02   1.0000000e+00
  -6.9014169e-01  -1.1311133e+00   1.7310334e-01   1.0000000e+00   9.9452700e+02   4.4478200e+02   1.0000000e+00
  -6.9517537e-01  -1.1584717e+00   2.4488209e-01   1.0000000e+00   9.9157700e+02   4.2711500e+02   1.0000000e+00
  -7.1019168e-01  -1.1823229e+00   3.0883861e-01   1.0000000e+00   9.8935300e+02   4.0792200e+02   1.0000000e+00
  -7.2642583e-01  -1.2061650e+00   3.6715397e-01   1.0000000e+00   9.8808700e+02   3.9000000e+02   1.0000000e+00
  -7.4402649e-01  -1.2278952e+00   4.1867606e-01   1.0000000e+00   9.8750000e+02   3.7336000e+02   1.0000000e+00
  -7.5486681e-01  -1.2482830e+00   4.6955390e-01   1.0000000e+00   9.8608500e+02   3.5991500e+02   1.0000000e+00
  -7.5352790e-01  -1.2694379e+00   5.2440330e-01   1.0000000e+00   9.8392900e+02   3.5019000e+02   1.0000000e+00
  -7.5082764e-01  -1.2884421e+00   5.8256263e-01   1.0000000e+00   9.8050000e+02   3.4113000e+02   1.0000000e+00
  -7.4801254e-01  -1.3011313e+00   6.3678215e-01   1.0000000e+00   9.7558100e+02   3.3369800e+02   1.0000000e+00
  -7.4698457e-01  -1.3079680e+00   6.9388878e-01   1.0000000e+00   9.6838100e+02   3.2509500e+02   1.0000000e+00
  -7.5484134e-01  -1.2994689e+00   7.4160868e-01   1.0000000e+00   9.5787800e+02   3.1612200e+02   1.0000000e+00
  -7.5967704e-01  -1.2712837e+00   7.8346451e-01   1.0000000e+00   9.4175600e+02   3.1000000e+02   1.0000000e+00
  -7.6031360e-01  -1.2238668e+00   8.1969326e-01   1.0000000e+00   9.1995000e+02   3.0717500e+02   1.0000000e+00
  -7.5611338e-01  -1.1591143e+00   8.4850980e-01   1.0000000e+00   8.9363400e+02   3.0792700e+02   1.0000000e+00
  -7.4615349e-01  -1.0857274e+00   8.6927999e-01   1.0000000e+00   8.6533300e+02   3.1200000e+02   1.0000000e+00
  -7.3087093e-01  -1.0101568e+00   8.8371850e-01   1.0000000e+00   8.3729300e+02   3.1892700e+02   1.0000000e+00
  -7.1377971e-01  -9.3242968e-01   8.8760218e-01   1.0000000e+00   8.0983300e+02   3.2804800e+02   1.0000000e+00
  -6.9750962e-01  -8.5232798e-01   8.8093071e-01   1.0000000e+00   7.8300000e+02   3.3824400e+02   1.0000000e+00
  -6.9459524e-01  -7.8053723e-01   8.6130776e-01   1.0000000e+00   7.6000000e+02   3.4575600e+02   1.0000000e+00
  -6.9542415e-01  -7.1665869e-01   8.3329019e-01   1.0000000e+00   7.4020500e+02   3.5288600e+02   1.0000000e+00
  -6.9556337e-01  -6.5742661e-01   8.0118620e-01   1.0000000e+00   7.2228900e+02   3.6086700e+02   1.0000000e+00
  -7.0017462e-01  -6.0589384e-01   7.6384754e-01   1.0000000e+00   7.0729800e+02   3.6770200e+02   1.0000000e+00
  -7.0836685e-01  -5.6130371e-01   7.2535532e-01   1.0000000e+00   6.9457100e+02   3.7332700e+02   1.0000000e+00
  -7.1636167e-01  -5.1946596e-01   6.8784682e-01   1.0000000e+00   6.8225000e+02   3.7900000e+02   1.0000000e+00
  -7.2391915e-01  -4.7631778e-01   6.5396682e-01   1.0000000e+00   6.6889600e+02   3.8447900e+02   1.0000000e+00
  -7.3177697e-01  -4.3261770e-01   6.2512861e-01   1.0000000e+00   6.5456900e+02   3.8919600e+02   1.0000000e+00
  -7.3865545e-01  -3.9049871e-01   5.9821781e-01   1.0000000e+00   6.4028800e+02   3.9371200e+02   1.0000000e+00
  -7.4459215e-01  -3.4359829e-01   5.6793334e-01   1.0000000e+00   6.2428800e+02   3.9971200e+02   1.0000000e+00
  -7.5205236e-01  -2.9946296e-01   5.2466865e-01   1.0000000e+00   6.0961100e+02   4.0761100e+02   1.0000000e+00
  -7.5086393e-01  -2.5465013e-01   4.7006743e-01   1.0000000e+00   5.9575400e+02   4.2119300e+02   1.0000000e+00
  -7.4174173e-01  -2.1204857e-01   4.0695485e-01   1.0000000e+00   5.8308200e+02   4.3967200e+02   1.0000000e+00
  -7.2498842e-01  -1.6983690e-01   3.3759658e-01   1.0000000e+00   5.7082800e+02   4.6317200e+02   1.0000000e+00
  -6.9668747e-01  -1.2215953e-01   2.6553719e-01   1.0000000e+00   5.5630800e+02   4.9295400e+02   1.0000000e+00
  -6.6240606e-01  -6.7546945e-02   1.9263500e-01   1.0000000e+00   5.3872700e+02   5.2689400e+02   1.0000000e+00
  -6.3281204e-01  -1.6799453e-02   1.2484533e-01   1.0000000e+00   5.2143500e+02   5.5878300e+02   1.0000000e+00
  -6.1888247e-01   3.6042960e-02   6.3326451e-02   1.0000000e+00   5.0154900e+02   5.8415500e+02   1.0000000e+00
  -6.2372342e-01   9.0054542e-02   1.4443737e-02   1.0000000e+00   4.7829700e+02   5.9990500e+02   1.0000000e+00
  -6.3650234e-01   1.4707832e-01  -2.4173234e-02   1.0000000e+00   4.5172700e+02   6.1054500e+02   1.0000000e+00
  -6.5001346e-01   2.0445568e-01  -5.5037923e-02   1.0000000e+00   4.2359000e+02   6.1920500e+02   1.0000000e+00
  -6.5859553e-01   2.6500997e-01  -8.5429744e-02   1.0000000e+00   3.9349400e+02   6.3006300e+02   1.0000000e+00
  -6.6465698e-01   3.3052538e-01  -1.1687212e-01   1.0000000e+00   3.6008200e+02   6.4308200e+02   1.0000000e+00
  -6.6906576e-01   3.9682843e-01  -1.4500539e-01   1.0000000e+00   3.2532900e+02   6.5620000e+02   1.0000000e+00
  -6.7376454e-01   4.6753922e-01  -1.7165532e-01   1.0000000e+00   2.8725300e+02   6.6937900e+02   1.0000000e+00
  -6.8814362e-01   5.2845462e-01  -2.0248240e-01   1.0000000e+00   2.5224200e+02   6.7950500e+02   1.0000000e+00
  -6.9756880e-01   5.8585717e-01  -2.3925244e-01   1.0000000e+00   2.1829000e+02   6.9376300e+02   1.0000000e+00
  -6.9488892e-01   6.4665728e-01  -2.7537349e-01   1.0000000e+00   1.8304300e+02   7.1374500e+02   1.0000000e+00
  -6.8428215e-01   7.1086819e-01  -3.0977227e-01   1.0000000e+00   1.4605300e+02   7.3752600e+02   1.0000000e+00
  -6.6690296e-01   7.7916590e-01  -3.4333114e-01   1.0000000e+00   1.0709600e+02   7.6466000e+02   1.0000000e+00
  -6.4426875e-01   8.5031399e-01  -3.7533004e-01   1.0000000e+00   6.6614600e+01   7.9438500e+02   1.0000000e+00
  -7.1578422e-01   1.0321256e+00   2.2426505e-01   1.0000000e+00   1.9460300e+01   5.8360300e+02   1.0000000e+00
  -7.1114373e-01   9.6357646e-01   2.4640252e-01   1.0000000e+00   5.5083300e+01   5.7390000e+02   1.0000000e+00
  -7.0477273e-01   8.8318515e-01   2.6334085e-01   1.0000000e+00   9.5609400e+01   5.6575000e+02   1.0000000e+00
  -6.9670533e-01   7.9596289e-01   2.7817763e-01   1.0000000e+00   1.3867700e+02   5.5844600e+02   1.0000000e+00
  -6.8861078e-01   7.0822172e-01   2.9112603e-01   1.0000000e+00   1.8117500e+02   5.5155600e+02   1.0000000e+00
  -6.8141433e-01   6.1962886e-01   3.0638443e-01   1.0000000e+00   2.2322600e+02   5.4372600e+02   1.0000000e+00
  -6.8165732e-01   5.3578362e-01   3.2057130e-01   1.0000000e+00   2.6190500e+02   5.3420600e+02   1.0000000e+00
  -6.8938714e-01   4.6216958e-01   3.3070775e-01   1.0000000e+00   2.9443100e+02   5.2352300e+02   1.0000000e+00
  -6.9320448e-01   3.9796295e-01   3.4363557e-01   1.0000000e+00   3.2295200e+02   5.1437100e+02   1.0000000e+00
  -6.9238507e-01   3.3922087e-01   3.6503509e-01   1.0000000e+00   3.4911300e+02   5.0559700e+02   1.0000000e+00
  -6.9328754e-01   2.8770068e-01   3.9475262e-01   1.0000000e+00   3.7135500e+02   4.9500000e+02   1.0000000e+00
  -6.9318860e-01   2.3804390e-01   4.3255719e-01   1.0000000e+00   3.9228800e+02   4.8354200e+02   1.0000000e+00
  -6.9311671e-01   1.8522400e-01   4.7330605e-01   1.0000000e+00   4.1403400e+02   4.7144100e+02   1.0000000e+00
  -6.9461281e-01   1.2849174e-01   5.1423785e-01   1.0000000e+00   4.3661100e+02   4.5861100e+02   1.0000000e+00
  -6.8901312e-01   7.0765304e-02   5.5512931e-01   1.0000000e+00   4.5951900e+02   4.4872200e+02   1.0000000e+00
  -6.8614327e-01   1.0076854e-02   5.9161755e-01   1.0000000e+00   4.8276900e+02   4.3878800e+02   1.0000000e+00
  -6.9153091e-01  -5.3171766e-02   6.1863302e-01   1.0000000e+00   5.0668600e+02   4.2778400e+02   1.0000000e+00
  -7.0021056e-01  -1.2004132e-01   6.3899295e-01   1.0000000e+00   5.3175000e+02   4.1700000e+02   1.0000000e+00
  -7.1222772e-01  -1.8804256e-01   6.5652015e-01   1.0000000e+00   5.5717600e+02   4.0552900e+02   1.0000000e+00
  -7.2349523e-01  -2.5767508e-01   6.7837967e-01   1.0000000e+00   5.8246000e+02   3.9346000e+02   1.0000000e+00
  -7.3050859e-01  -3.3127730e-01   7.0457967e-01   1.0000000e+00   6.0863000e+02   3.8210900e+02   1.0000000e+00
  -7.3884377e-01  -4.1200000e-01   7.3433684e-01   1.0000000e+00   6.3702200e+02   3.6976100e+02   1.0000000e+00
  -7.4835462e-01  -4.8875843e-01   7.6082132e-01   1.0000000e+00   6.6337000e+02   3.5789100e+02   1.0000000e+00
  -7.5834916e-01  -5.6206390e-01   7.9035630e-01   1.0000000e+00   6.8766700e+02   3.4566700e+02   1.0000000e+00
  -7.6990117e-01  -6.2414019e-01   8.2694616e-01   1.0000000e+00   7.0688400e+02   3.3311600e+02   1.0000000e+00
  -7.7935308e-01  -6.7698087e-01   8.7087514e-01   1.0000000e+00   7.2161900e+02   3.2090500e+02   1.0000000e+00
  -7.8908794e-01  -7.2479251e-01   9.2008821e-01   1.0000000e+00   7.3361000e+02   3.0817100e+02   1.0000000e+00
  -7.9774027e-01  -7.7021703e-01   9.7587390e-01   1.0000000e+00   7.4389500e+02   2.9578900e+02   1.0000000e+00
  -7.9675232e-01  -8.1497805e-01   1.0388627e+00   1.0000000e+00   7.5272200e+02   2.8577800e+02   1.0000000e+00
  -7.8513755e-01  -8.6001332e-01   1.1087575e+00   1.0000000e+00   7.6067600e+02   2.7885300e+02   1.0000000e+00
  -7.6914410e-01  -8.9630985e-01   1.1738480e+00   1.0000000e+00   7.6600000e+02   2.7473500e+02   1.0000000e+00
  -7.6842226e-01  -9.2981695e-01   1.2325943e+00   1.0000000e+00   7.7115600e+02   2.6662500e+02   1.0000000e+00
  -7.8507128e-01  -9.6380462e-01   1.2780719e+00   1.0000000e+00   7.7736700e+02   2.5463300e+02   1.0000000e+00
  -8.0422690e-01  -9.9601558e-01   1.3184342e+00   1.0000000e+00   7.8339300e+02   2.4282100e+02   1.0000000e+00
  -8.2115596e-01  -1.0218573e+00   1.3572542e+00   1.0000000e+00   7.8734600e+02   2.3226900e+02   1.0000000e+00
  -8.2826981e-01  -1.0393046e+00   1.3917686e+00   1.0000000e+00   7.8948200e+02   2.2588900e+02   1.0000000e+00
  -8.3790760e-01  -9.7422184e-01   1.5068848e+00   1.0000000e+00   7.5770800e+02   2.1329200e+02   1.0000000e+00
  -8.4813631e-01  -9.1178452e-01   1.5205251e+00   1.0000000e+00   7.3650000e+02   2.1200000e+02   1.0000000e+00
  -8.5242001e-01  -8.3302449e-01   1.5210206e+00   1.0000000e+00   7.1236700e+02   2.1363300e+02   1.0000000e+00
  -8.4547201e-01  -7.4545076e-01   1.5133034e+00   1.0000000e+00   6.8587500e+02   2.2021900e+02   1.0000000e+00
  -8.2388647e-01  -6.5208701e-01   1.5043193e+00   1.0000000e+00   6.5768800e+02   2.3146900e+02   1.0000000e+00
  -7.9097627e-01  -5.5423150e-01   1.4933572e+00   1.0000000e+00   6.2835500e+02   2.4674200e+02   1.0000000e+00
  -7.5237847e-01  -2.2427560e-01   1.3961415e+00   1.0000000e+00   5.2900000e+02   2.8400000e+02   1.0000000e+00
  -7.6127154e-01  -1.6632957e-01   1.3590044e+00   1.0000000e+00   5.1127000e+02   2.8889200e+02   1.0000000e+00
  -7.6999590e-01  -1.1507942e-01   1.3274477e+00   1.0000000e+00   4.9512800e+02   2.9212800e+02   1.0000000e+00
  -7.7674427e-01  -6.6867793e-02   1.3021414e+00   1.0000000e+00   4.7951400e+02   2.9532400e+02   1.0000000e+00
  -7.8528959e-01  -1.9051947e-02   1.2777896e+00   1.0000000e+00   4.6380000e+02   2.9792500e+02   1.0000000e+00
  -7.9556217e-01   3.0335860e-02   1.2529742e+00   1.0000000e+00   4.4700000e+02   3.0000000e+02   1.0000000e+00
  -8.0127538e-01   8.2174898e-02   1.2294019e+00   1.0000000e+00   4.2909800e+02   3.0373200e+02   1.0000000e+00
  -8.0205549e-01   1.3357795e-01   1.2062105e+00   1.0000000e+00   4.1166700e+02   3.0900000e+02   1.0000000e+00
  -7.9547622e-01   1.9000019e-01   1.1838571e+00   1.0000000e+00   3.9238100e+02   3.1709500e+02   1.0000000e+00
  -7.9549636e-01   2.4181076e-01   1.1510596e+00   1.0000000e+00   3.7426200e+02   3.2421400e+02   1.0000000e+00
  -7.9036463e-01   2.9519561e-01   1.1055529e+00   1.0000000e+00   3.5552300e+02   3.3513600e+02   1.0000000e+00
  -7.7825708e-01   3.4958798e-01   1.0522360e+00   1.0000000e+00   3.3650000e+02   3.5000000e+02   1.0000000e+00
  -7.6199662e-01   4.0608965e-01   9.9266850e-01   1.0000000e+00   3.1657400e+02   3.6746800e+02   1.0000000e+00
  -7.4316993e-01   4.6466470e-01   9.3114610e-01   1.0000000e+00   2.9534800e+02   3.8700000e+02   1.0000000e+00
  -7.2275783e-01   5.2116747e-01   8.7187505e-01   1.0000000e+00   2.7443800e+02   4.0725000e+02   1.0000000e+00
  -7.0137012e-01   5.7903428e-01   8.1445675e-01   1.0000000e+00   2.5263000e+02   4.2810900e+02   1.0000000e+00
  -7.0337995e-01   6.3386063e-01   7.7329289e-01   1.0000000e+00   2.2950000e+02   4.3836000e+02   1.0000000e+00
  -7.1587158e-01   6.9110087e-01   7.4571711e-01   1.0000000e+00   2.0450000e+02   4.4264000e+02   1.0000000e+00
  -7.3381976e-01   7.4892959e-01   7.2342688e-01   1.0000000e+00   1.7827500e+02   4.4427500e+02   1.0000000e+00
  -7.5727840e-01   8.0587992e-01   7.0072362e-01   1.0000000e+00   1.5113700e+02   4.4392200e+02   1.0000000e+00
  -1.2788564e+00   5.0720283e-01  -9.6788640e-01   1.0000000e+00   1.0303200e+02   7.0197600e+02   1.0000000e+00
  -1.2864994e+00   4.3090003e-01  -9.4619498e-01   1.0000000e+00   1.7536900e+02   6.7118400e+02   1.0000000e+00
  -1.2955725e+00   3.5983672e-01  -9.2976906e-01   1.0000000e+00   2.4052200e+02   6.4396400e+02   1.0000000e+00
  -1.3036371e+00   2.9675899e-01  -9.2221321e-01   1.0000000e+00   2.9723500e+02   6.2406800e+02   1.0000000e+00
  -1.3047423e+00   2.3729411e-01  -9.2355439e-01   1.0000000e+00   3.5143300e+02   6.1474800e+02   1.0000000e+00
  -1.2977225e+00   1.7695337e-01  -9.3020094e-01   1.0000000e+00   4.0776900e+02   6.1410000e+02   1.0000000e+00
  -1.2894480e+00   1.1061630e-01  -9.3400234e-01   1.0000000e+00   4.6907600e+02   6.1174300e+02   1.0000000e+00
  -1.2906488e+00   4.5066374e-02  -9.3343400e-01   1.0000000e+00   5.2733300e+02   6.0052800e+02   1.0000000e+00
  -1.2948040e+00  -1.5693827e-02  -9.2854445e-01   1.0000000e+00   5.7990500e+02   5.8565000e+02   1.0000000e+00
  -1.3006807e+00  -6.9936678e-02  -9.1147532e-01   1.0000000e+00   6.2379800e+02   5.6470600e+02   1.0000000e+00
  -1.3070840e+00  -1.1526771e-01  -8.9009476e-01   1.0000000e+00   6.5822500e+02   5.4316900e+02   1.0000000e+00
  -1.3085645e+00  -1.6502898e-01  -8.6651915e-01   1.0000000e+00   6.9477100e+02   5.2434900e+02   1.0000000e+00
  -1.3044667e+00  -2.2206682e-01  -8.3599845e-01   1.0000000e+00   7.3451900e+02   5.0592300e+02   1.0000000e+00
  -1.2970812e+00  -2.8335757e-01  -7.9516974e-01   1.0000000e+00   7.7290800e+02   4.8635700e+02   1.0000000e+00
  -1.2950442e+00  -3.4483166e-01  -7.4522586e-01   1.0000000e+00   8.0666500e+02   4.6092700e+02   1.0000000e+00
  -1.3023054e+00  -4.0440183e-01  -6.9002335e-01   1.0000000e+00   8.3554400e+02   4.2929000e+02   1.0000000e+00
  -1.3096484e+00  -4.6090653e-01  -6.3867061e-01   1.0000000e+00   8.6162900e+02   4.0134000e+02   1.0000000e+00
  -1.3207017e+00  -5.1703668e-01  -5.9580355e-01   1.0000000e+00   8.8825700e+02   3.7516900e+02   1.0000000e+00
  -1.3330281e+00  -5.6950316e-01  -5.6363159e-01   1.0000000e+00   9.1417500e+02   3.5286700e+02   1.0000000e+00
  -1.3404598e+00  -6.2245306e-01  -5.3263097e-01   1.0000000e+00   9.3977400e+02   3.3461300e+02   1.0000000e+00
  -1.3412378e+00  -6.7907561e-01  -5.0004440e-01   1.0000000e+00   9.6567200e+02   3.2051900e+02   1.0000000e+00
  -1.3384245e+00  -7.3756980e-01  -4.6484113e-01   1.0000000e+00   9.9049200e+02   3.0858100e+02   1.0000000e+00
  -1.3407427e+00  -7.9285603e-01  -4.2716638e-01   1.0000000e+00   1.0118800e+03   2.9366900e+02   1.0000000e+00
  -1.3522927e+00  -8.4014409e-01  -3.9344121e-01   1.0000000e+00   1.0294400e+03   2.7560500e+02   1.0000000e+00
  -1.3614469e+00  -8.7986937e-01  -3.6050086e-01   1.0000000e+00   1.0425500e+03   2.5961700e+02   1.0000000e+00
  -1.3678564e+00  -9.1306708e-01  -3.1670490e-01   1.0000000e+00   1.0495000e+03   2.4369600e+02   1.0000000e+00
  -1.3725353e+00  -9.3513347e-01  -2.6887321e-01   1.0000000e+00   1.0476800e+03   2.3008300e+02   1.0000000e+00
  -1.3748124e+00  -9.5108306e-01  -2.1901716e-01   1.0000000e+00   1.0418700e+03   2.1847100e+02   1.0000000e+00
  -1.3753437e+00  -9.6509911e-01  -1.6496876e-01   1.0000000e+00   1.0340500e+03   2.0769000e+02   1.0000000e+00
  -1.3751104e+00  -9.7449240e-01  -1.0581773e-01   1.0000000e+00   1.0227900e+03   1.9734800e+02   1.0000000e+00
  -1.3786571e+00  -9.7878698e-01  -3.6985216e-02   1.0000000e+00   1.0071500e+03   1.8431900e+02   1.0000000e+00
  -1.3797188e+00  -9.7701631e-01   2.9281306e-02   1.0000000e+00   9.8987500e+02   1.7390900e+02   1.0000000e+00
  -1.3828234e+00  -9.7064783e-01   1.5692797e-01   1.0000000e+00   9.5744900e+02   1.5403800e+02   1.0000000e+00
  -1.3901292e+00  -9.7003756e-01   2.1723202e-01   1.0000000e+00   9.4421100e+02   1.4291500e+02   1.0000000e+00
  -1.3957468e+00  -9.7199758e-01   2.7899905e-01   1.0000000e+00   9.3223500e+02   1.3276500e+02   1.0000000e+00
  -1.3978534e+00  -9.7627022e-01   3.4716835e-01   1.0000000e+00   9.2038800e+02   1.2356700e+02   1.0000000e+00
  -1.3995145e+00  -9.7886166e-01   4.2122815e-01   1.0000000e+00   9.0730200e+02   1.1468300e+02   1.0000000e+00
  -1.4080651e+00  -9.7652318e-01   4.9651360e-01   1.0000000e+00   8.9250000e+02   1.0365000e+02   1.0000000e+00
  -1.4188916e+00  -9.6610662e-01   6.2290921e-01   1.0000000e+00   8.6656400e+02   8.5672700e+01   1.0000000e+00
  -1.4210696e+00  -9.4556002e-01   6.8356922e-01   1.0000000e+00   8.4852600e+02   8.0070200e+01   1.0000000e+00
  -1.4199516e+00  -9.1720774e-01   7.3434491e-01   1.0000000e+00   8.2938200e+02   7.7309100e+01   1.0000000e+00
  -1.4176075e+00  -8.7945005e-01   7.7846720e-01   1.0000000e+00   8.0784300e+02   7.5980400e+01   1.0000000e+00
  -1.4177700e+00  -8.3486832e-01   8.1530768e-01   1.0000000e+00   7.8512000e+02   7.4580000e+01   1.0000000e+00
  -1.4189846e+00  -7.8596060e-01   8.4997691e-01   1.0000000e+00   7.6125000e+02   7.3384600e+01   1.0000000e+00
  -1.4229524e+00  -7.2695230e-01   8.8721548e-01   1.0000000e+00   7.3324000e+02   7.1240000e+01   1.0000000e+00
  -1.4249139e+00  -6.6927292e-01   9.1733649e-01   1.0000000e+00   7.0717600e+02   7.0392200e+01   1.0000000e+00
  -1.4274008e+00  -6.1396538e-01   9.4592731e-01   1.0000000e+00   6.8236000e+02   6.9500000e+01   1.0000000e+00
  -1.4325281e+00  -5.6176816e-01   9.7389815e-01   1.0000000e+00   6.5879600e+02   6.7428600e+01   1.0000000e+00
  -1.4394712e+00  -5.1319809e-01   1.0003674e+00   1.0000000e+00   6.3719100e+02   6.4638300e+01   1.0000000e+00
  -1.4432699e+00  -4.6143316e-01   1.0279976e+00   1.0000000e+00   6.1457100e+02   6.3326500e+01   1.0000000e+00
  -1.4436318e+00  -4.0635495e-01   1.0567609e+00   1.0000000e+00   5.9070200e+02   6.3297900e+01   1.0000000e+00
  -1.4421203e+00  -3.5102386e-01   1.0865448e+00   1.0000000e+00   5.6708700e+02   6.4021700e+01   1.0000000e+00
  -1.4400074e+00  -2.9161368e-01   1.1156398e+00   1.0000000e+00   5.4239600e+02   6.5458300e+01   1.0000000e+00
  -1.4473076e+00  -2.2750161e-01   1.1380979e+00   1.0000000e+00   5.1597800e+02   6.3577800e+01   1.0000000e+00
  -1.4540599e+00  -1.7573648e-01   1.1596500e+00   1.0000000e+00   4.9457400e+02   6.1680900e+01   1.0000000e+00
  -1.4535534e+00  -1.1692399e-01   1.1731343e+00   1.0000000e+00   4.7123400e+02   6.3553200e+01   1.0000000e+00
  -1.4516379e+00  -5.7107498e-02   1.1729923e+00   1.0000000e+00   4.4800000e+02   6.7000000e+01   1.0000000e+00
  -1.4497192e+00  -6.3702630e-03   1.1606501e+00   1.0000000e+00   4.2850000e+02   7.1000000e+01   1.0000000e+00
  -1.4445422e+00   4.1856025e-02   1.1413702e+00   1.0000000e+00   4.1028300e+02   7.6782600e+01   1.0000000e+00
  -1.4383741e+00   8.9120335e-02   1.1161756e+00   1.0000000e+00   3.9227100e+02   8.3625000e+01   1.0000000e+00
  -1.4346723e+00   1.3482268e-01   1.0852778e+00   1.0000000e+00   3.7436200e+02   8.9808500e+01   1.0000000e+00
  -1.4367908e+00   1.8029681e-01   1.0435989e+00   1.0000000e+00   3.5590000e+02   9.4820000e+01   1.0000000e+00
  -1.4350587e+00   2.2167264e-01   1.0001844e+00   1.0000000e+00   3.3900000e+02   1.0150000e+02   1.0000000e+00
  -1.4332330e+00   2.6710853e-01   9.5739502e-01   1.0000000e+00   3.1990700e+02   1.0861100e+02   1.0000000e+00
  -1.4345451e+00   3.1254734e-01   9.2339512e-01   1.0000000e+00   3.0007300e+02   1.1365500e+02   1.0000000e+00
  -1.4335143e+00   3.6122311e-01   8.9491729e-01   1.0000000e+00   2.7869100e+02   1.1961800e+02   1.0000000e+00
  -1.4272579e+00   4.1598260e-01   8.6723123e-01   1.0000000e+00   2.5481400e+02   1.2844100e+02   1.0000000e+00
  -1.4197070e+00   4.7509369e-01   8.4063028e-01   1.0000000e+00   2.2876800e+02   1.3760700e+02   1.0000000e+00
  -1.4137494e+00   5.3581135e-01   8.1679292e-01   1.0000000e+00   2.0142100e+02   1.4649100e+02   1.0000000e+00
  -1.4132110e+00   6.0062464e-01   7.9015553e-01   1.0000000e+00   1.7075000e+02   1.5340000e+02   1.0000000e+00
  -1.4231674e+00   6.6499917e-01   7.6427842e-01   1.0000000e+00   1.3915000e+02   1.5605000e+02   1.0000000e+00
  -1.3541565e+00   7.3476806e-01  -1.8926735e-01   1.0000000e+00   1.9776900e+01   3.6754500e+02   1.0000000e+00
  -1.3640603e+00   6.7498343e-01  -2.0821798e-01   1.0000000e+00   5.4425200e+01   3.6062200e+02   1.0000000e+00
  -1.3692368e+00   6.1216100e-01  -2.1817844e-01   1.0000000e+00   9.3507700e+01   3.5358500e+02   1.0000000e+00
  -1.3724259e+00   5.4773154e-01  -2.1399018e-01   1.0000000e+00   1.3573500e+02   3.4428000e+02   1.0000000e+00
  -1.3725291e+00   4.8970955e-01  -1.9740879e-01   1.0000000e+00   1.7502300e+02   3.3452300e+02   1.0000000e+00
  -1.3692302e+00   4.3402713e-01  -1.7196537e-01   1.0000000e+00   2.1308600e+02   3.2514800e+02   1.0000000e+00
  -1.3663237e+00   3.7873049e-01  -1.3803848e-01   1.0000000e+00   2.5002400e+02   3.1354400e+02   1.0000000e+00
  -1.3662560e+00   3.2534212e-01  -9.7055847e-02   1.0000000e+00   2.8450000e+02   2.9959300e+02   1.0000000e+00
  -1.3738616e+00   2.7335865e-01  -4.9702964e-02   1.0000000e+00   3.1565500e+02   2.8058600e+02   1.0000000e+00
  -1.3831200e+00   2.2191374e-01  -3.1774521e-03   1.0000000e+00   3.4510300e+02   2.6106500e+02   1.0000000e+00
  -1.3930834e+00   1.6709638e-01   4.2383434e-02   1.0000000e+00   3.7567600e+02   2.4328700e+02   1.0000000e+00
  -1.4002739e+00   1.0697915e-01   8.8785418e-02   1.0000000e+00   4.0804900e+02   2.2647500e+02   1.0000000e+00
  -1.4075877e+00   4.6161936e-02   1.2780369e-01   1.0000000e+00   4.3995900e+02   2.1295900e+02   1.0000000e+00
  -1.4009524e+00  -1.4577412e-02   1.7195168e-01   1.0000000e+00   4.7143800e+02   2.0349400e+02   1.0000000e+00
  -1.3937270e+00  -7.7915089e-02   2.1248754e-01   1.0000000e+00   5.0324100e+02   1.9655200e+02   1.0000000e+00
  -1.3849753e+00  -1.4075642e-01   2.5202704e-01   1.0000000e+00   5.3357100e+02   1.9034500e+02   1.0000000e+00
  -1.3864405e+00  -2.0733084e-01   2.9039676e-01   1.0000000e+00   5.6432100e+02   1.7959500e+02   1.0000000e+00
  -1.3958693e+00  -2.6921303e-01   3.2606147e-01   1.0000000e+00   5.9155700e+02   1.6684800e+02   1.0000000e+00
  -1.4052923e+00  -3.3180964e-01   3.6398258e-01   1.0000000e+00   6.1820500e+02   1.5341000e+02   1.0000000e+00
  -1.4175977e+00  -3.9242508e-01   4.0852264e-01   1.0000000e+00   6.4224700e+02   1.3836400e+02   1.0000000e+00
  -1.4261389e+00  -4.4682295e-01   4.5381955e-01   1.0000000e+00   6.6264800e+02   1.2588700e+02   1.0000000e+00
  -1.4272761e+00  -4.9944690e-01   4.9675323e-01   1.0000000e+00   6.8224600e+02   1.1723200e+02   1.0000000e+00
  -1.4239907e+00  -5.5170630e-01   5.3649126e-01   1.0000000e+00   7.0105900e+02   1.1197100e+02   1.0000000e+00
  -1.4167990e+00  -6.0557723e-01   5.7748411e-01   1.0000000e+00   7.1993800e+02   1.0784400e+02   1.0000000e+00
  -1.4222037e+00  -6.6094004e-01   6.1418057e-01   1.0000000e+00   7.3952500e+02   9.9932200e+01   1.0000000e+00
  -1.4350266e+00  -7.1115133e-01   6.4589275e-01   1.0000000e+00   7.5671900e+02   8.8578900e+01   1.0000000e+00
  -1.4472019e+00  -7.5850710e-01   6.6247531e-01   1.0000000e+00   7.7446600e+02   7.8896600e+01   1.0000000e+00
  -1.4523046e+00  -8.0056092e-01   6.6614334e-01   1.0000000e+00   7.9156100e+02   7.4175400e+01   1.0000000e+00
  -1.4258790e+00  -9.6880834e-01   4.3663976e-01   1.0000000e+00   9.0046900e+02   1.0093800e+02   1.0000000e+00
  -1.4227642e+00  -9.8041819e-01   3.9954470e-01   1.0000000e+00   9.1304300e+02   1.0555100e+02   1.0000000e+00
  -1.4178498e+00  -9.9118303e-01   3.5587660e-01   1.0000000e+00   9.2621700e+02   1.1189900e+02   1.0000000e+00
  -1.4122633e+00  -1.0027492e+00   3.0728019e-01   1.0000000e+00   9.4108300e+02   1.1940300e+02   1.0000000e+00
  -1.4130761e+00  -1.0165216e+00   2.5290623e-01   1.0000000e+00   9.5884500e+02   1.2514100e+02   1.0000000e+00
  -1.4124652e+00  -1.0278654e+00   2.0028159e-01   1.0000000e+00   9.7559200e+02   1.3115800e+02   1.0000000e+00
  -1.4118718e+00  -1.0322857e+00   1.4192600e-01   1.0000000e+00   9.9102600e+02   1.3855800e+02   1.0000000e+00
  -1.4114390e+00  -1.0280577e+00   7.8613699e-02   1.0000000e+00   1.0042700e+03   1.4738600e+02   1.0000000e+00
  -1.4042540e+00  -1.0152372e+00   2.1704349e-02   1.0000000e+00   1.0117700e+03   1.5979100e+02   1.0000000e+00
  -1.3773022e+00  -9.6817501e-01  -9.1783307e-02   1.0000000e+00   1.0160200e+03   1.9425800e+02   1.0000000e+00
  -1.3658863e+00  -9.3609487e-01  -1.5367061e-01   1.0000000e+00   1.0145900e+03   2.1340400e+02   1.0000000e+00
  -1.3572795e+00  -8.9928574e-01  -2.1859401e-01   1.0000000e+00   1.0123500e+03   2.3261000e+02   1.0000000e+00
  -1.3514715e+00  -8.6238089e-01  -2.8573237e-01   1.0000000e+00   1.0108600e+03   2.5150900e+02   1.0000000e+00
  -1.3414206e+00  -8.2749011e-01  -3.5285630e-01   1.0000000e+00   1.0100800e+03   2.7356900e+02   1.0000000e+00
  -1.3276715e+00  -7.9872101e-01  -4.2523238e-01   1.0000000e+00   1.0141400e+03   3.0021400e+02   1.0000000e+00
  -1.3099816e+00  -7.8157713e-01  -5.0019981e-01   1.0000000e+00   1.0258000e+03   3.3083300e+02   1.0000000e+00
  -1.2846023e+00  -7.7443039e-01  -5.7507553e-01   1.0000000e+00   1.0438900e+03   3.6691900e+02   1.0000000e+00
  -1.2118193e+00  -7.7807236e-01  -7.3068072e-01   1.0000000e+00   1.0951200e+03   4.5910900e+02   1.0000000e+00
  -1.1766589e+00  -7.8342371e-01  -8.0706572e-01   1.0000000e+00   1.1244700e+03   5.0765400e+02   1.0000000e+00
  -1.1474220e+00  -7.8570926e-01  -8.7275310e-01   1.0000000e+00   1.1494600e+03   5.5119500e+02   1.0000000e+00
  -1.1255026e+00  -7.8006716e-01  -9.2798860e-01   1.0000000e+00   1.1664800e+03   5.8854000e+02   1.0000000e+00
  -1.1145330e+00  -7.6611267e-01  -9.7346093e-01   1.0000000e+00   1.1756700e+03   6.1752900e+02   1.0000000e+00
  -1.1154131e+00  -7.4358365e-01  -1.0032552e+00   1.0000000e+00   1.1736400e+03   6.3410100e+02   1.0000000e+00
  -1.1258983e+00  -7.0897821e-01  -1.0171903e+00   1.0000000e+00   1.1568000e+03   6.3907100e+02   1.0000000e+00
  -1.1417816e+00  -6.6038482e-01  -1.0187311e+00   1.0000000e+00   1.1242600e+03   6.3692000e+02   1.0000000e+00
  -1.1574113e+00  -6.0033308e-01  -1.0135183e+00   1.0000000e+00   1.0792800e+03   6.3325100e+02   1.0000000e+00
  -1.1672896e+00  -5.3391953e-01  -1.0076264e+00   1.0000000e+00   1.0275800e+03   6.3382100e+02   1.0000000e+00
  -1.1735841e+00  -4.6073651e-01  -1.0017368e+00   1.0000000e+00   9.6954000e+02   6.3772800e+02   1.0000000e+00
  -1.2182729e+00  -2.3422269e-01  -9.6378337e-01   1.0000000e+00   7.7676300e+02   6.2311900e+02   1.0000000e+00
  -1.2364942e+00  -1.6095598e-01  -9.3843185e-01   1.0000000e+00   7.0938000e+02   6.0875500e+02   1.0000000e+00
  -1.2503505e+00  -8.9016901e-02  -9.0579410e-01   1.0000000e+00   6.4182000e+02   5.9385300e+02   1.0000000e+00
  -1.2603474e+00  -1.8980650e-02  -8.6363155e-01   1.0000000e+00   5.7568900e+02   5.7693400e+02   1.0000000e+00
  -1.2624400e+00   4.6514965e-02  -8.1112618e-01   1.0000000e+00   5.1489400e+02   5.6058100e+02   1.0000000e+00
  -1.2553236e+00   1.0185355e-01  -7.5234863e-01   1.0000000e+00   4.6573500e+02   5.4706300e+02   1.0000000e+00
  -1.2450552e+00   1.3945114e-01  -6.9478858e-01   1.0000000e+00   4.3359000e+02   5.3483100e+02   1.0000000e+00
  -1.2388997e+00   1.5235473e-01  -6.4535484e-01   1.0000000e+00   4.2204000e+02   5.2067200e+02   1.0000000e+00
  -1.2333238e+00   1.5686561e-01  -6.0284978e-01   1.0000000e+00   4.1741800e+02   5.0840000e+02   1.0000000e+00
  -1.2181108e+00   1.6794803e-01  -5.6248669e-01   1.0000000e+00   4.0946500e+02   5.0427700e+02   1.0000000e+00
  -1.1955203e+00   1.8274812e-01  -5.2287958e-01   1.0000000e+00   4.0025500e+02   5.0535900e+02   1.0000000e+00
  -1.1726812e+00   1.9952828e-01  -4.8052480e-01   1.0000000e+00   3.9000000e+02   5.0595800e+02   1.0000000e+00
  -1.1442031e+00   2.1801521e-01  -4.2761985e-01   1.0000000e+00   3.7981400e+02   5.0600000e+02   1.0000000e+00
  -1.1084172e+00   2.4343965e-01  -3.7885842e-01   1.0000000e+00   3.6644100e+02   5.1221300e+02   1.0000000e+00
  -1.0656596e+00   2.7505185e-01  -3.3810239e-01   1.0000000e+00   3.5095400e+02   5.2475400e+02   1.0000000e+00
  -1.0237271e+00   3.0524120e-01  -2.9545208e-01   1.0000000e+00   3.3717200e+02   5.3565600e+02   1.0000000e+00
  -9.8995334e-01   3.3996131e-01  -2.4305233e-01   1.0000000e+00   3.2050000e+02   5.3926300e+02   1.0000000e+00
  -9.6630633e-01   3.8412269e-01  -1.7773374e-01   1.0000000e+00   2.9826200e+02   5.3495100e+02   1.0000000e+00
  -9.5612025e-01   4.3572335e-01  -1.0796865e-01   1.0000000e+00   2.7175300e+02   5.2382500e+02   1.0000000e+00
  -9.5397538e-01   4.9039393e-01  -3.6757449e-02   1.0000000e+00   2.4386800e+02   5.0938500e+02   1.0000000e+00
  -9.5451465e-01   5.4654500e-01   3.2900372e-02   1.0000000e+00   2.1638400e+02   4.9536000e+02   1.0000000e+00
  -9.5927753e-01   5.9511624e-01   9.4032970e-02   1.0000000e+00   1.9291900e+02   4.8157000e+02   1.0000000e+00
  -9.6914742e-01   6.3455003e-01   1.4601528e-01   1.0000000e+00   1.7387800e+02   4.6761000e+02   1.0000000e+00
  -9.8243989e-01   6.6395172e-01   1.8901228e-01   1.0000000e+00   1.5950000e+02   4.5400000e+02   1.0000000e+00
  -9.9366832e-01   6.8110406e-01   2.2709004e-01   1.0000000e+00   1.5154700e+02   4.4166700e+02   1.0000000e+00
  -1.0028617e+00   6.8982311e-01   2.6179464e-01   1.0000000e+00   1.4800000e+02   4.3050000e+02   1.0000000e+00
  -1.0099449e+00   6.9256828e-01   2.9507106e-01   1.0000000e+00   1.4770700e+02   4.2040000e+02   1.0000000e+00
  -1.0150237e+00   6.8753156e-01   3.3032504e-01   1.0000000e+00   1.5176100e+02   4.1005600e+02   1.0000000e+00
  -1.0200599e+00   6.7161287e-01   3.6912313e-01   1.0000000e+00   1.6122500e+02   3.9888700e+02   1.0000000e+00
  -1.0281925e+00   6.4400874e-01   4.1088356e-01   1.0000000e+00   1.7561100e+02   3.8481900e+02   1.0000000e+00
  -1.0384591e+00   6.0682084e-01   4.5414120e-01   1.0000000e+00   1.9406000e+02   3.6923900e+02   1.0000000e+00
  -1.0465465e+00   5.6428113e-01   4.9481376e-01   1.0000000e+00   2.1481800e+02   3.5519700e+02   1.0000000e+00
  -1.0529148e+00   5.2183151e-01   5.3491524e-01   1.0000000e+00   2.3500000e+02   3.4211900e+02   1.0000000e+00
  -1.0595915e+00   4.8740918e-01   5.7306796e-01   1.0000000e+00   2.5121500e+02   3.3010800e+02   1.0000000e+00
  -1.0660686e+00   4.5373057e-01   6.1273083e-01   1.0000000e+00   2.6675000e+02   3.1840000e+02   1.0000000e+00
  -1.0730154e+00   4.1784944e-01   6.5142238e-01   1.0000000e+00   2.8258600e+02   3.0679300e+02   1.0000000e+00
  -1.0804630e+00   3.8010423e-01   6.8768030e-01   1.0000000e+00   2.9889700e+02   2.9558600e+02   1.0000000e+00
  -1.0860615e+00   3.3978008e-01   7.2476363e-01   1.0000000e+00   3.1614500e+02   2.8523600e+02   1.0000000e+00
  -1.0874445e+00   2.9534741e-01   7.6640075e-01   1.0000000e+00   3.3507300e+02   2.7565500e+02   1.0000000e+00
  -1.0806248e+00   2.4511810e-01   8.1797100e-01   1.0000000e+00   3.5650000e+02   2.6800000e+02   1.0000000e+00
  -1.0619342e+00   1.8732863e-01   8.7812053e-01   1.0000000e+00   3.8094300e+02   2.6354700e+02   1.0000000e+00
  -1.0259584e+00   1.2315347e-01   9.3597494e-01   1.0000000e+00   4.0777100e+02   2.6591700e+02   1.0000000e+00
  -9.8814424e-01   4.6357293e-02   9.8814525e-01   1.0000000e+00   4.3859600e+02   2.6876600e+02   1.0000000e+00
  -9.6123047e-01  -4.2005276e-02   1.0212754e+00   1.0000000e+00   4.7239100e+02   2.6930400e+02   1.0000000e+00
  -9.4873412e-01  -1.3526395e-01   1.0362430e+00   1.0000000e+00   5.0700000e+02   2.6700000e+02   1.0000000e+00
  -9.4576530e-01  -2.2976808e-01   1.0354996e+00   1.0000000e+00   5.4207100e+02   2.6347600e+02   1.0000000e+00
  -9.4587230e-01  -3.2904180e-01   1.0220648e+00   1.0000000e+00   5.7926800e+02   2.6014600e+02   1.0000000e+00
  -9.4612788e-01  -4.3102921e-01   9.9763983e-01   1.0000000e+00   6.1824400e+02   2.5800000e+02   1.0000000e+00
  -9.4476277e-01  -5.3281452e-01   9.6119219e-01   1.0000000e+00   6.5841900e+02   2.5802300e+02   1.0000000e+00
  -9.2910106e-01  -6.3060118e-01   9.1924614e-01   1.0000000e+00   6.9833300e+02   2.6400000e+02   1.0000000e+00
  -9.0492638e-01  -7.1824047e-01   8.7395192e-01   1.0000000e+00   7.3517800e+02   2.7435600e+02   1.0000000e+00
  -8.8133270e-01  -7.8994009e-01   8.3060066e-01   1.0000000e+00   7.6628300e+02   2.8478300e+02   1.0000000e+00
  -8.6226741e-01  -8.5085482e-01   7.9052334e-01   1.0000000e+00   7.9344400e+02   2.9393300e+02   1.0000000e+00
  -8.5329762e-01  -9.0461400e-01   7.5106843e-01   1.0000000e+00   8.1800000e+02   3.0000000e+02   1.0000000e+00
  -8.5338187e-01  -9.5164200e-01   7.1359148e-01   1.0000000e+00   8.4048900e+02   3.0278700e+02   1.0000000e+00
  -8.5352123e-01  -9.9627163e-01   6.8061146e-01   1.0000000e+00   8.6144700e+02   3.0523400e+02   1.0000000e+00
  -8.5023712e-01  -1.0409050e+00   6.4751402e-01   1.0000000e+00   8.8271700e+02   3.0878300e+02   1.0000000e+00
  -8.4424032e-01  -1.0807590e+00   6.1055498e-01   1.0000000e+00   9.0293600e+02   3.1444700e+02   1.0000000e+00
  -8.4252271e-01  -1.1083117e+00   5.6003843e-01   1.0000000e+00   9.2116000e+02   3.2122000e+02   1.0000000e+00
  -8.4200898e-01  -1.1234204e+00   4.9319093e-01   1.0000000e+00   9.3821600e+02   3.3068600e+02   1.0000000e+00
  -8.3280397e-01  -1.1331816e+00   4.1064835e-01   1.0000000e+00   9.5621200e+02   3.4692300e+02   1.0000000e+00
  -8.1150185e-01  -1.1352779e+00   3.1751363e-01   1.0000000e+00   9.7335200e+02   3.7075900e+02   1.0000000e+00
  -7.8539219e-01  -1.1236428e+00   2.2375221e-01   1.0000000e+00   9.8586200e+02   3.9886200e+02   1.0000000e+00
  -7.6707470e-01  -1.1077054e+00   1.3497375e-01   1.0000000e+00   9.9639700e+02   4.2439700e+02   1.0000000e+00
  -7.5730456e-01  -1.0882977e+00   5.3818180e-02   1.0000000e+00   1.0049200e+03   4.4632800e+02   1.0000000e+00
  -7.4147561e-01  -1.0640066e+00  -2.4978317e-02   1.0000000e+00   1.0106800e+03   4.7187100e+02   1.0000000e+00
  -7.2462353e-01  -1.0408315e+00  -9.7203038e-02   1.0000000e+00   1.0158500e+03   4.9706100e+02   1.0000000e+00
  -7.0965332e-01  -1.0221349e+00  -1.6190090e-01   1.0000000e+00   1.0213900e+03   5.2082900e+02   1.0000000e+00
  -6.9598502e-01  -1.0055279e+00  -2.2131667e-01   1.0000000e+00   1.0270000e+03   5.4300000e+02   1.0000000e+00
  -6.8842766e-01  -9.8989971e-01  -2.7376915e-01   1.0000000e+00   1.0319600e+03   5.6180000e+02   1.0000000e+00
  -6.8634541e-01  -9.7674738e-01  -3.2021725e-01   1.0000000e+00   1.0372300e+03   5.7682400e+02   1.0000000e+00
  -6.8018531e-01  -9.6781439e-01  -3.7483949e-01   1.0000000e+00   1.0464000e+03   5.9614700e+02   1.0000000e+00
  -6.6861581e-01  -9.6114741e-01  -4.3356617e-01   1.0000000e+00   1.0575600e+03   6.1962000e+02   1.0000000e+00
  -6.5666242e-01  -9.5147557e-01  -4.8829755e-01   1.0000000e+00   1.0675000e+03   6.4287500e+02   1.0000000e+00
  -6.4194474e-01  -9.3831418e-01  -5.3698380e-01   1.0000000e+00   1.0725000e+03   6.6675600e+02   1.0000000e+00
  -6.2782870e-01  -9.0721065e-01  -5.7829906e-01   1.0000000e+00   1.0682000e+03   6.9023500e+02   1.0000000e+00
  -6.1926814e-01  -8.6106462e-01  -6.1587589e-01   1.0000000e+00   1.0535000e+03   7.1250000e+02   1.0000000e+00
  -6.1441251e-01  -8.0185706e-01  -6.4620480e-01   1.0000000e+00   1.0305000e+03   7.3250000e+02   1.0000000e+00
  -6.0798927e-01  -7.3340290e-01  -6.7074840e-01   1.0000000e+00   1.0002700e+03   7.5255400e+02   1.0000000e+00
  -6.0360588e-01  -6.5668744e-01  -6.9006545e-01   1.0000000e+00   9.6319400e+02   7.7119400e+02   1.0000000e+00
  -6.0127308e-01  -5.7921918e-01  -7.0837530e-01   1.0000000e+00   9.2460400e+02   7.8901000e+02   1.0000000e+00
  -6.0251117e-01  -5.0225868e-01  -7.2628608e-01   1.0000000e+00   8.8511700e+02   8.0544700e+02   1.0000000e+00
  -6.0097519e-01  -4.1452344e-01  -7.4532904e-01   1.0000000e+00   8.3850000e+02   8.2550000e+02   1.0000000e+00
  -6.0945706e-01  -3.2704529e-01  -7.5542863e-01   1.0000000e+00   7.8885600e+02   8.3754100e+02   1.0000000e+00
  -6.2435523e-01  -2.4591552e-01  -7.5929905e-01   1.0000000e+00   7.4060700e+02   8.4339300e+02   1.0000000e+00
  -6.3889238e-01  -1.7149206e-01  -7.6147453e-01   1.0000000e+00   6.9503400e+02   8.4768900e+02   1.0000000e+00
  -6.4927799e-01  -1.0056470e-01  -7.6214439e-01   1.0000000e+00   6.5054600e+02   8.5252100e+02   1.0000000e+00
  -6.5718635e-01  -2.9060718e-02  -7.5928832e-01   1.0000000e+00   6.0481700e+02   8.5712700e+02   1.0000000e+00
  -6.6584799e-01   4.4404669e-02  -7.5097327e-01   1.0000000e+00   5.5651600e+02   8.5884100e+02   1.0000000e+00
  -6.7345094e-01   1.2248600e-01  -7.3771600e-01   1.0000000e+00   5.0456400e+02   8.5892900e+02   1.0000000e+00
  -6.7949006e-01   2.0540665e-01  -7.1957027e-01   1.0000000e+00   4.4921700e+02   8.5800800e+02   1.0000000e+00
  -6.8116321e-01   2.8203727e-01  -6.9653831e-01   1.0000000e+00   3.9838100e+02   8.5576200e+02   1.0000000e+00
  -6.7176050e-01   3.5575769e-01  -6.6735963e-01   1.0000000e+00   3.5137700e+02   8.5490200e+02   1.0000000e+00
  -6.6561054e-01   4.2943922e-01  -6.2455542e-01   1.0000000e+00   3.0521800e+02   8.4648700e+02   1.0000000e+00
  -6.6610812e-01   5.0130105e-01  -5.7282298e-01   1.0000000e+00   2.6083800e+02   8.3089700e+02   1.0000000e+00
  -6.6943889e-01   5.6844063e-01  -5.1182722e-01   1.0000000e+00   2.2108000e+02   8.1023200e+02   1.0000000e+00
  -6.7689455e-01   6.2966099e-01  -4.4196024e-01   1.0000000e+00   1.8634900e+02   7.8417400e+02   1.0000000e+00
  -6.8540973e-01   6.8502548e-01  -3.6804173e-01   1.0000000e+00   1.5671200e+02   7.5671200e+02   1.0000000e+00
  -6.8950018e-01   7.3884654e-01  -2.9159537e-01   1.0000000e+00   1.3057000e+02   7.3121000e+02   1.0000000e+00
  -6.9033760e-01   7.8831164e-01  -2.1139478e-01   1.0000000e+00   1.0904300e+02   7.0659100e+02   1.0000000e+00
  -7.0125625e-01   8.2881552e-01  -1.3543691e-01   1.0000000e+00   9.1511400e+01   6.7969300e+02   1.0000000e+00
  -7.1754787e-01   8.6490232e-01  -6.9460756e-02   1.0000000e+00   7.5388200e+01   6.5469400e+02   1.0000000e+00
  -7.3297155e-01   8.9761629e-01  -6.4790147e-03   1.0000000e+00   6.1382700e+01   6.3155600e+02   1.0000000e+00
  -7.4975993e-01   9.2346137e-01   5.5258230e-02   1.0000000e+00   5.1256400e+01   6.0838500e+02   1.0000000e+00
  -7.5888306e-01   9.4577163e-01   1.1755124e-01   1.0000000e+00   4.4388900e+01   5.8870800e+02   1.0000000e+00
  -7.5426760e-01   9.6837111e-01   1.8315185e-01   1.0000000e+00   4.0470600e+01   5.7438200e+02   1.0000000e+00
  -7.4336269e-01   9.8584567e-01   2.4582874e-01   1.0000000e+00   3.9682500e+01   5.6344400e+02   1.0000000e+00
  -7.2664381e-01   9.9666278e-01   3.1147325e-01   1.0000000e+00   4.3114800e+01   5.5408200e+02   1.0000000e+00
  -7.0911135e-01   9.9336012e-01   3.8383424e-01   1.0000000e+00   5.4000000e+01   5.4250000e+02   1.0000000e+00
  -7.0073228e-01   9.7095688e-01   4.6001001e-01   1.0000000e+00   7.1333300e+01   5.2601800e+02   1.0000000e+00
  -7.0338472e-01   9.3089278e-01   5.3471115e-01   1.0000000e+00   9.4346200e+01   5.0555800e+02   1.0000000e+00
  -7.1020852e-01   8.7792214e-01   6.0674576e-01   1.0000000e+00   1.2094200e+02   4.8405800e+02   1.0000000e+00
  -7.1724918e-01   8.2024228e-01   6.7345234e-01   1.0000000e+00   1.4822000e+02   4.6424000e+02   1.0000000e+00
  -7.2398934e-01   7.6277120e-01   7.3513401e-01   1.0000000e+00   1.7406300e+02   4.4622900e+02   1.0000000e+00
  -7.3590080e-01   7.0453299e-01   7.9131899e-01   1.0000000e+00   1.9870200e+02   4.2806400e+02   1.0000000e+00
  -7.4975909e-01   6.5280569e-01   8.4101317e-01   1.0000000e+00   2.1963000e+02   4.1110900e+02   1.0000000e+00
  -7.5650980e-01   6.0775349e-01   8.9109651e-01   1.0000000e+00   2.3826200e+02   3.9747600e+02   1.0000000e+00
  -7.6387047e-01   5.6479295e-01   9.4123158e-01   1.0000000e+00   2.5530200e+02   3.8414000e+02   1.0000000e+00
  -7.7321728e-01   5.2096500e-01   9.8961002e-01   1.0000000e+00   2.7227900e+02   3.7072100e+02   1.0000000e+00
  -7.7586619e-01   4.7629800e-01   1.0388296e+00   1.0000000e+00   2.8945200e+02   3.5971400e+02   1.0000000e+00
  -7.7201888e-01   4.3240923e-01   1.0872539e+00   1.0000000e+00   3.0659000e+02   3.5153800e+02   1.0000000e+00
  -7.7123093e-01   3.8178923e-01   1.1325325e+00   1.0000000e+00   3.2505400e+02   3.4243200e+02   1.0000000e+00
  -7.7767295e-01   3.1875591e-01   1.1628217e+00   1.0000000e+00   3.4761900e+02   3.3290500e+02   1.0000000e+00
  -7.8784302e-01   2.4559808e-01   1.1820446e+00   1.0000000e+00   3.7302600e+02   3.2292100e+02   1.0000000e+00
  -8.0770309e-01   1.6838395e-01   1.1930401e+00   1.0000000e+00   3.9912800e+02   3.1084600e+02   1.0000000e+00
  -8.2854281e-01   9.0730645e-02   1.2027394e+00   1.0000000e+00   4.2534200e+02   2.9857900e+02   1.0000000e+00
  -8.3939752e-01   7.4668791e-03   1.2134934e+00   1.0000000e+00   4.5391900e+02   2.8954100e+02   1.0000000e+00
  -8.3679242e-01  -8.3025597e-02   1.2246027e+00   1.0000000e+00   4.8530600e+02   2.8450000e+02   1.0000000e+00
  -8.2307979e-01  -1.8130157e-01   1.2327394e+00   1.0000000e+00   5.1957100e+02   2.8360000e+02   1.0000000e+00
  -8.2115254e-01  -2.6761583e-01   1.2314396e+00   1.0000000e+00   5.4915800e+02   2.8005300e+02   1.0000000e+00
  -8.2972305e-01  -3.3845722e-01   1.2307653e+00   1.0000000e+00   5.7315800e+02   2.7405300e+02   1.0000000e+00
  -8.3557151e-01  -4.0355141e-01   1.2290631e+00   1.0000000e+00   5.9521100e+02   2.6915800e+02   1.0000000e+00
  -8.4070898e-01  -4.6513899e-01   1.2218827e+00   1.0000000e+00   6.1665700e+02   2.6548600e+02   1.0000000e+00
  -8.4545781e-01  -5.2477481e-01   1.2109299e+00   1.0000000e+00   6.3742900e+02   2.6222900e+02   1.0000000e+00
  -8.4332740e-01  -5.8750202e-01   1.1981901e+00   1.0000000e+00   6.5977800e+02   2.6166700e+02   1.0000000e+00
  -8.3356932e-01  -6.5317561e-01   1.1805675e+00   1.0000000e+00   6.8354100e+02   2.6391900e+02   1.0000000e+00
  -8.2145375e-01  -7.1266728e-01   1.1575168e+00   1.0000000e+00   7.0587200e+02   2.6787200e+02   1.0000000e+00
  -7.9912092e-01  -7.7274990e-01   1.1366490e+00   1.0000000e+00   7.2812800e+02   2.7512800e+02   1.0000000e+00
  -7.8089275e-01  -8.2897867e-01   1.1011260e+00   1.0000000e+00   7.5075700e+02   2.8275700e+02   1.0000000e+00
  -7.7330072e-01  -8.7948863e-01   1.0448567e+00   1.0000000e+00   7.7378900e+02   2.8984200e+02   1.0000000e+00
  -7.6799823e-01  -9.2352861e-01   9.7611747e-01   1.0000000e+00   7.9646200e+02   2.9807700e+02   1.0000000e+00
  -7.6375784e-01  -9.6174873e-01   8.9570906e-01   1.0000000e+00   8.1902300e+02   3.0841900e+02   1.0000000e+00
  -7.5946851e-01  -9.9277163e-01   8.1100368e-01   1.0000000e+00   8.4100000e+02   3.2024400e+02   1.0000000e+00
  -7.4798025e-01  -1.0231622e+00   7.2728913e-01   1.0000000e+00   8.6300000e+02   3.3450000e+02   1.0000000e+00
  -7.2869556e-01  -1.0559757e+00   6.4087113e-01   1.0000000e+00   8.8678300e+02   3.5271700e+02   1.0000000e+00
  -7.2425783e-01  -1.0804249e+00   5.4878265e-01   1.0000000e+00   9.1032700e+02   3.6757100e+02   1.0000000e+00
  -7.3649824e-01  -1.0987585e+00   4.6907982e-01   1.0000000e+00   9.3037500e+02   3.7527100e+02   1.0000000e+00
  -7.4664011e-01  -1.1189299e+00   3.9920785e-01   1.0000000e+00   9.5042900e+02   3.8232700e+02   1.0000000e+00
  -7.5670276e-01  -1.1408713e+00   3.3453779e-01   1.0000000e+00   9.7050000e+02   3.8850000e+02   1.0000000e+00
  -7.6817785e-01  -1.1550801e+00   2.6986263e-01   1.0000000e+00   9.8924500e+02   3.9507500e+02   1.0000000e+00
  -7.6976979e-01  -1.1709111e+00   2.0678987e-01   1.0000000e+00   1.0074300e+03   4.0525000e+02   1.0000000e+00
  -7.6776930e-01  -1.1851931e+00   1.4239227e-01   1.0000000e+00   1.0263900e+03   4.1761100e+02   1.0000000e+00
  -7.6814342e-01  -1.1921261e+00   8.8078912e-02   1.0000000e+00   1.0409500e+03   4.2795000e+02   1.0000000e+00
  -7.7073771e-01  -1.1926178e+00   2.7453707e-02   1.0000000e+00   1.0551400e+03   4.3950000e+02   1.0000000e+00
  -7.7701019e-01  -1.1791296e+00  -3.8770635e-02   1.0000000e+00   1.0651700e+03   4.5217200e+02   1.0000000e+00
  -7.8553761e-01  -1.1583311e+00  -1.0727076e-01   1.0000000e+00   1.0728600e+03   4.6586400e+02   1.0000000e+00
  -7.9135314e-01  -1.1351893e+00  -1.7415615e-01   1.0000000e+00   1.0796800e+03   4.8104300e+02   1.0000000e+00
  -7.9365423e-01  -1.1122399e+00  -2.3830319e-01   1.0000000e+00   1.0861000e+03   4.9790100e+02   1.0000000e+00
  -7.9368952e-01  -1.0897888e+00  -3.0439728e-01   1.0000000e+00   1.0932300e+03   5.1689000e+02   1.0000000e+00
  -7.9173346e-01  -1.0634037e+00  -3.6887819e-01   1.0000000e+00   1.0984300e+03   5.3778700e+02   1.0000000e+00
  -7.9296506e-01  -1.0397522e+00  -4.3347733e-01   1.0000000e+00   1.1054400e+03   5.5823200e+02   1.0000000e+00
  -7.9807886e-01  -1.0274153e+00  -4.9233836e-01   1.0000000e+00   1.1171700e+03   5.7497700e+02   1.0000000e+00
  -8.0328198e-01  -1.0244653e+00  -5.5007776e-01   1.0000000e+00   1.1338100e+03   5.9116700e+02   1.0000000e+00
  -8.0817486e-01  -1.0227700e+00  -6.0790659e-01   1.0000000e+00   1.1520000e+03   6.0822300e+02   1.0000000e+00
  -8.0986782e-01  -1.0241000e+00  -6.6429997e-01   1.0000000e+00   1.1718200e+03   6.2687800e+02   1.0000000e+00
  -8.0269476e-01  -1.0276920e+00  -7.1983445e-01   1.0000000e+00   1.1929100e+03   6.4986000e+02   1.0000000e+00
  -7.9278325e-01  -1.0331374e+00  -7.8391192e-01   1.0000000e+00   1.2185700e+03   6.7841300e+02   1.0000000e+00
  -7.8429538e-01  -1.0222324e+00  -8.4212921e-01   1.0000000e+00   1.2339400e+03   7.0729800e+02   1.0000000e+00
  -7.1028808e-01  -6.9598603e-01  -1.0303511e+00   1.0000000e+00   1.0999800e+03   8.7591600e+02   1.0000000e+00
  -6.9608508e-01  -5.8607452e-01  -1.0402333e+00   1.0000000e+00   1.0304900e+03   9.0516400e+02   1.0000000e+00
  -6.8605909e-01  -4.6966285e-01  -1.0401755e+00   1.0000000e+00   9.5245300e+02   9.2810100e+02   1.0000000e+00
  -6.8452274e-01  -3.5487058e-01  -1.0359188e+00   1.0000000e+00   8.7309800e+02   9.4444800e+02   1.0000000e+00
  -6.8844310e-01  -2.4780697e-01  -1.0235908e+00   1.0000000e+00   7.9603400e+02   9.5230300e+02   1.0000000e+00
  -6.9058437e-01  -1.5012167e-01  -1.0049866e+00   1.0000000e+00   7.2362200e+02   9.5570300e+02   1.0000000e+00
  -6.9465163e-01  -6.2519938e-02  -9.8491836e-01   1.0000000e+00   6.5787700e+02   9.5528100e+02   1.0000000e+00
  -7.0290048e-01   1.6575305e-02  -9.6271999e-01   1.0000000e+00   5.9817700e+02   9.5053100e+02   1.0000000e+00
  -7.1315831e-01   9.1602148e-02  -9.4122218e-01   1.0000000e+00   5.4155000e+02   9.4465800e+02   1.0000000e+00
  -7.1953474e-01   1.6562719e-01  -9.2118177e-01   1.0000000e+00   4.8623100e+02   9.4114300e+02   1.0000000e+00
  -7.1864796e-01   2.4190360e-01  -9.0415767e-01   1.0000000e+00   4.3056800e+02   9.4297300e+02   1.0000000e+00
  -7.0922432e-01   3.1314284e-01  -8.8479644e-01   1.0000000e+00   3.8002700e+02   9.4643200e+02   1.0000000e+00
  -6.9813185e-01   3.8628226e-01  -8.6310815e-01   1.0000000e+00   3.2909800e+02   9.4937100e+02   1.0000000e+00
  -6.9306264e-01   4.5706043e-01  -8.2614518e-01   1.0000000e+00   2.8011500e+02   9.4061900e+02   1.0000000e+00
  -6.9165721e-01   5.2569084e-01  -7.8075138e-01   1.0000000e+00   2.3397800e+02   9.2554500e+02   1.0000000e+00
  -6.9451849e-01   5.8841968e-01  -7.2991266e-01   1.0000000e+00   1.9303000e+02   9.0537900e+02   1.0000000e+00
  -6.9975916e-01   6.4564092e-01  -6.7102548e-01   1.0000000e+00   1.5770900e+02   8.8032300e+02   1.0000000e+00
  -7.0488784e-01   7.0091561e-01  -6.0494860e-01   1.0000000e+00   1.2561700e+02   8.5255800e+02   1.0000000e+00
  -7.0905149e-01   7.5576320e-01  -5.3462900e-01   1.0000000e+00   9.6069000e+01   8.2446600e+02   1.0000000e+00
  -7.1151551e-01   8.0980935e-01  -4.6092380e-01   1.0000000e+00   6.9240700e+01   7.9718500e+02   1.0000000e+00
  -7.1973525e-01   8.6131186e-01  -3.8768727e-01   1.0000000e+00   4.4313100e+01   7.6877800e+02   1.0000000e+00
  -7.4824678e-01   9.4756979e-01  -2.6750261e-01   1.0000000e+00   3.0882400e+00   7.1851500e+02   1.0000000e+00
