  -1.1699113e+00  -9.8162944e-01  -7.4672501e-01   1.0000000e+00   2.4861900e+02   5.9977900e+02   1.0000000e+00
  -1.2202984e+00  -9.1534868e-01  -6.8296775e-01   1.0000000e+00   3.0997800e+02   5.4400000e+02   1.0000000e+00
  -1.3017673e+00  -7.9097119e-01  -5.9367974e-01   1.0000000e+00   4.0104000e+02   4.4751400e+02   1.0000000e+00
  -1.3201978e+00  -7.2507912e-01  -5.5629363e-01   1.0000000e+00   4.4142500e+02   4.1323400e+02   1.0000000e+00
  -1.3255773e+00  -6.5305058e-01  -5.2393953e-01   1.0000000e+00   4.7755700e+02   3.8555700e+02   1.0000000e+00
  -1.3270969e+00  -5.7873316e-01  -5.0169740e-01   1.0000000e+00   5.0529900e+02   3.6047400e+02   1.0000000e+00
  -1.3316678e+00  -5.0802962e-01  -4.9407502e-01   1.0000000e+00   5.2112800e+02   3.3512800e+02   1.0000000e+00
  -1.3372178e+00  -4.4125125e-01  -4.9485361e-01   1.0000000e+00   5.3015600e+02   3.1123700e+02   1.0000000e+00
  -1.3414968e+00  -3.7907191e-01  -4.9442938e-01   1.0000000e+00   5.3897700e+02   2.9104500e+02   1.0000000e+00
  -1.3472734e+00  -3.1364893e-01  -4.8246364e-01   1.0000000e+00   5.5453700e+02   2.7061200e+02   1.0000000e+00
  -1.3514988e+00  -2.4752225e-01  -4.6968516e-01   1.0000000e+00   5.7024600e+02   2.5226300e+02   1.0000000e+00
  -1.3494337e+00  -1.8781528e-01  -4.6297946e-01   1.0000000e+00   5.8054400e+02   2.3925400e+02   1.0000000e+00
  -1.3404927e+00  -1.3682386e-01  -4.6232039e-01   1.0000000e+00   5.8616700e+02   2.3216700e+02   1.0000000e+00
  -1.3258054e+00  -9.0189137e-02  -4.5985849e-01   1.0000000e+00   5.9202900e+02   2.2968600e+02   1.0000000e+00
  -1.3097508e+00  -4.7675319e-02  -4.5430178e-01   1.0000000e+00   5.9884500e+02   2.2892800e+02   1.0000000e+00
  -1.3013776e+00  -1.7591834e-02  -4.5196621e-01   1.0000000e+00   6.0271300e+02   2.2687200e+02   1.0000000e+00
  -1.3052150e+00  -8.4210095e-04  -4.5971887e-01   1.0000000e+00   6.0014900e+02   2.2085100e+02   1.0000000e+00
  -1.3116143e+00   2.0506209e-02  -4.7095261e-01   1.0000000e+00   5.9621700e+02   2.1258700e+02   1.0000000e+00
  -1.3111453e+00   5.0342986e-02  -4.8143752e-01   1.0000000e+00   5.9342200e+02   2.0608900e+02   1.0000000e+00
  -1.3022691e+00   7.9321023e-02  -4.9739379e-01   1.0000000e+00   5.8755100e+02   2.0396600e+02   1.0000000e+00
  -1.2895017e+00   9.8802521e-02  -5.2390384e-01   1.0000000e+00   5.7556800e+02   2.0502300e+02   1.0000000e+00
  -1.2711158e+00   1.1249744e-01  -5.6119384e-01   1.0000000e+00   5.5779800e+02   2.0960700e+02   1.0000000e+00
  -1.2466102e+00   1.2225993e-01  -6.0923488e-01   1.0000000e+00   5.3459500e+02   2.1709500e+02   1.0000000e+00
  -1.2157818e+00   1.2869235e-01  -6.6814154e-01   1.0000000e+00   5.0648800e+02   2.2768300e+02   1.0000000e+00
  -1.1783565e+00   1.3074263e-01  -7.3334388e-01   1.0000000e+00   4.7551300e+02   2.4160000e+02   1.0000000e+00
  -1.1400454e+00   1.2451444e-01  -7.9568312e-01   1.0000000e+00   4.4572800e+02   2.5772800e+02   1.0000000e+00
  -1.1105610e+00   1.1149430e-01  -8.3854077e-01   1.0000000e+00   4.2446800e+02   2.7164600e+02   1.0000000e+00
  -1.0897819e+00   9.4589071e-02  -8.6206794e-01   1.0000000e+00   4.1157700e+02   2.8339700e+02   1.0000000e+00
  -1.0749971e+00   7.5094774e-02  -8.7165446e-01   1.0000000e+00   4.0454400e+02   2.9354400e+02   1.0000000e+00
  -1.0650516e+00   5.3213037e-02  -8.6717849e-01   1.0000000e+00   4.0361500e+02   3.0287200e+02   1.0000000e+00
  -1.0581437e+00   2.6201700e-02  -8.4451779e-01   1.0000000e+00   4.1048700e+02   3.1300000e+02   1.0000000e+00
  -1.0534347e+00  -6.9888077e-03  -8.0644101e-01   1.0000000e+00   4.2393700e+02   3.2449400e+02   1.0000000e+00
  -1.0489458e+00  -4.4027627e-02  -7.6019688e-01   1.0000000e+00   4.4131700e+02   3.3751200e+02   1.0000000e+00
  -1.0420535e+00  -8.7018324e-02  -7.1065747e-01   1.0000000e+00   4.5987100e+02   3.5372900e+02   1.0000000e+00
  -1.0339970e+00  -1.4168061e-01  -6.5616215e-01   1.0000000e+00   4.8050000e+02   3.7450000e+02   1.0000000e+00
  -1.0232827e+00  -2.0680201e-01  -5.9735214e-01   1.0000000e+00   5.0292400e+02   4.0041300e+02   1.0000000e+00
  -1.0160296e+00  -2.7643277e-01  -5.4386104e-01   1.0000000e+00   5.2302100e+02   4.2705200e+02   1.0000000e+00
  -1.0134330e+00  -3.3436559e-01  -5.0298338e-01   1.0000000e+00   5.3888000e+02   4.4872000e+02   1.0000000e+00
  -1.0167900e+00  -3.8510664e-01  -4.6845730e-01   1.0000000e+00   5.5227100e+02   4.6547700e+02   1.0000000e+00
  -1.0258256e+00  -4.3050518e-01  -4.3326231e-01   1.0000000e+00   5.6746400e+02   4.7859800e+02   1.0000000e+00
  -1.0388627e+00  -4.7063947e-01  -3.9854326e-01   1.0000000e+00   5.8363300e+02   4.8855600e+02   1.0000000e+00
  -1.0516062e+00  -5.0964930e-01  -3.6259463e-01   1.0000000e+00   6.0158300e+02   4.9875800e+02   1.0000000e+00
  -1.0605108e+00  -5.5141899e-01  -3.2180116e-01   1.0000000e+00   6.2306900e+02   5.1283100e+02   1.0000000e+00
  -1.0611542e+00  -5.9946294e-01  -2.7531473e-01   1.0000000e+00   6.4809000e+02   5.3464700e+02   1.0000000e+00
  -1.0568420e+00  -6.5606090e-01  -2.2609640e-01   1.0000000e+00   6.7536400e+02   5.6378600e+02   1.0000000e+00
  -1.0458938e+00  -7.0996739e-01  -1.7522769e-01   1.0000000e+00   7.0504300e+02   5.9700000e+02   1.0000000e+00
  -1.0347442e+00  -7.6540285e-01  -1.1528128e-01   1.0000000e+00   7.4216900e+02   6.3328400e+02   1.0000000e+00
  -1.0373678e+00  -8.0613270e-01  -4.1475327e-02   1.0000000e+00   7.9262700e+02   6.5835900e+02   1.0000000e+00
  -1.0495149e+00  -8.2944572e-01   3.9070850e-02   1.0000000e+00   8.5153200e+02   6.7150600e+02   1.0000000e+00
  -1.0572167e+00  -8.4148053e-01   1.2226349e-01   1.0000000e+00   9.1359400e+02   6.8166900e+02   1.0000000e+00
  -1.0571479e+00  -8.4045227e-01   2.0808830e-01   1.0000000e+00   9.7698200e+02   6.8954000e+02   1.0000000e+00
  -1.0498072e+00  -8.2803192e-01   2.9805986e-01   1.0000000e+00   1.0413600e+03   6.9577200e+02   1.0000000e+00
  -1.0369210e+00  -8.1071812e-01   3.9329632e-01   1.0000000e+00   1.1070700e+03   7.0266400e+02   1.0000000e+00
  -1.0236831e+00  -7.9158650e-01   4.8982737e-01   1.0000000e+00   1.1722100e+03   7.0897300e+02   1.0000000e+00
  -1.0087254e+00  -7.7219030e-01   5.8705278e-01   1.0000000e+00   1.2362200e+03   7.1604700e+02   1.0000000e+00
  -1.0698796e+00   4.6788807e-01   9.6143323e-01   1.0000000e+00   1.2741300e+03   3.0890600e+02   1.0000000e+00
  -1.0706875e+00   5.1354095e-01   9.0264687e-01   1.0000000e+00   1.2405700e+03   2.9631400e+02   1.0000000e+00
  -1.0686180e+00   5.5367254e-01   8.3946367e-01   1.0000000e+00   1.2066900e+03   2.8606100e+02   1.0000000e+00
  -1.0637841e+00   5.8813557e-01   7.7424372e-01   1.0000000e+00   1.1732300e+03   2.7821200e+02   1.0000000e+00
  -1.0537865e+00   6.2009106e-01   7.0328617e-01   1.0000000e+00   1.1376200e+03   2.7275000e+02   1.0000000e+00
  -1.0327946e+00   6.5577653e-01   6.2676631e-01   1.0000000e+00   1.0990000e+03   2.7063000e+02   1.0000000e+00
  -9.9962454e-01   6.9584383e-01   5.4576056e-01   1.0000000e+00   1.0584300e+03   2.7245300e+02   1.0000000e+00
  -9.7537986e-01   7.3620644e-01   4.6833419e-01   1.0000000e+00   1.0215000e+03   2.7079200e+02   1.0000000e+00
  -9.7325231e-01   7.6663234e-01   4.1075601e-01   1.0000000e+00   9.9638500e+02   2.6375000e+02   1.0000000e+00
  -9.8859605e-01   7.8861534e-01   3.6183702e-01   1.0000000e+00   9.7683000e+02   2.5202100e+02   1.0000000e+00
  -1.0095394e+00   8.0580673e-01   3.1656988e-01   1.0000000e+00   9.5971200e+02   2.3928800e+02   1.0000000e+00
  -1.0268332e+00   8.2335703e-01   2.7342077e-01   1.0000000e+00   9.4325000e+02   2.2800000e+02   1.0000000e+00
  -1.0343680e+00   8.4307218e-01   2.2921243e-01   1.0000000e+00   9.2550000e+02   2.2036000e+02   1.0000000e+00
  -1.0301318e+00   8.6349459e-01   1.8118408e-01   1.0000000e+00   9.0552900e+02   2.1656900e+02   1.0000000e+00
  -1.0180928e+00   8.8274361e-01   1.2828430e-01   1.0000000e+00   8.8330600e+02   2.1593900e+02   1.0000000e+00
  -1.0099097e+00   8.9793237e-01   7.4462256e-02   1.0000000e+00   8.6150000e+02   2.1436000e+02   1.0000000e+00
  -9.9955402e-01   9.0840523e-01   2.1115903e-02   1.0000000e+00   8.4004300e+02   2.1431900e+02   1.0000000e+00
  -9.8876830e-01   9.1055086e-01  -3.8552273e-02   1.0000000e+00   8.1629200e+02   2.1550000e+02   1.0000000e+00
  -9.8625091e-01   8.9252132e-01  -9.7653920e-02   1.0000000e+00   7.9279600e+02   2.1667300e+02   1.0000000e+00
  -9.8549737e-01   8.5954218e-01  -1.5399316e-01   1.0000000e+00   7.7032700e+02   2.1942900e+02   1.0000000e+00
  -9.8160826e-01   8.1808036e-01  -2.0638411e-01   1.0000000e+00   7.4854900e+02   2.2529400e+02   1.0000000e+00
  -9.7548420e-01   7.6765645e-01  -2.5501239e-01   1.0000000e+00   7.2754900e+02   2.3329400e+02   1.0000000e+00
  -9.6276141e-01   7.0967399e-01  -3.0502771e-01   1.0000000e+00   7.0498000e+02   2.4516300e+02   1.0000000e+00
  -9.3942460e-01   6.4354405e-01  -3.6312941e-01   1.0000000e+00   6.7796400e+02   2.6243600e+02   1.0000000e+00
  -9.0465576e-01   5.6674954e-01  -4.2173128e-01   1.0000000e+00   6.4943400e+02   2.8645300e+02   1.0000000e+00
  -8.2021687e-01   1.4004510e-01  -6.6557969e-01   1.0000000e+00   5.1100000e+02   3.9528600e+02   1.0000000e+00
  -8.4167098e-01   1.2118399e-01  -6.9761850e-01   1.0000000e+00   4.9417500e+02   3.8950800e+02   1.0000000e+00
  -8.7689480e-01   1.1192194e-01  -7.3271314e-01   1.0000000e+00   4.7691000e+02   3.7591000e+02   1.0000000e+00
  -9.2152999e-01   1.0617343e-01  -7.5622758e-01   1.0000000e+00   4.6477600e+02   3.5756700e+02   1.0000000e+00
  -9.5844093e-01   8.9941697e-02  -7.7087063e-01   1.0000000e+00   4.5543700e+02   3.4509900e+02   1.0000000e+00
  -9.8137851e-01   5.5756282e-02  -7.8378182e-01   1.0000000e+00   4.4468900e+02   3.4251400e+02   1.0000000e+00
  -9.9441415e-01   1.1305827e-02  -7.9324506e-01   1.0000000e+00   4.3401300e+02   3.4668000e+02   1.0000000e+00
  -1.0007757e+00  -3.7603302e-02  -7.9698982e-01   1.0000000e+00   4.2539700e+02   3.5543600e+02   1.0000000e+00
  -9.9633500e-01  -8.9828186e-02  -7.9612446e-01   1.0000000e+00   4.1838300e+02   3.7021000e+02   1.0000000e+00
  -9.7833431e-01  -1.5163884e-01  -7.9495858e-01   1.0000000e+00   4.1032900e+02   3.9424400e+02   1.0000000e+00
  -9.4710808e-01  -2.1887389e-01  -7.9089390e-01   1.0000000e+00   4.0274100e+02   4.2658800e+02   1.0000000e+00
  -9.1984100e-01  -2.8716057e-01  -7.8641239e-01   1.0000000e+00   3.9524100e+02   4.5844800e+02   1.0000000e+00
  -9.1003198e-01  -3.4444212e-01  -7.8076139e-01   1.0000000e+00   3.8904400e+02   4.8063700e+02   1.0000000e+00
  -9.0951932e-01  -3.9291554e-01  -7.7240904e-01   1.0000000e+00   3.8522900e+02   4.9677100e+02   1.0000000e+00
  -9.0079883e-01  -4.3966658e-01  -7.6187969e-01   1.0000000e+00   3.8317500e+02   5.1675300e+02   1.0000000e+00
  -8.7501027e-01  -4.8248921e-01  -7.4566452e-01   1.0000000e+00   3.8566300e+02   5.4407900e+02   1.0000000e+00
  -8.4293834e-01  -5.3206778e-01  -7.2704087e-01   1.0000000e+00   3.8860200e+02   5.7724500e+02   1.0000000e+00
  -8.1758593e-01  -5.8839446e-01  -7.0882785e-01   1.0000000e+00   3.8983500e+02   6.1101000e+02   1.0000000e+00
  -8.0072561e-01  -6.5015397e-01  -6.9143034e-01   1.0000000e+00   3.8937100e+02   6.4392400e+02   1.0000000e+00
  -7.8710050e-01  -7.2149019e-01  -6.7116815e-01   1.0000000e+00   3.8868500e+02   6.8100000e+02   1.0000000e+00
  -7.7688659e-01  -7.9949203e-01  -6.4456831e-01   1.0000000e+00   3.9050000e+02   7.2236200e+02   1.0000000e+00
  -7.6433195e-01  -8.5867516e-01  -6.1079547e-01   1.0000000e+00   4.0033100e+02   7.5892400e+02   1.0000000e+00
  -7.4752482e-01  -9.1114979e-01  -5.7032049e-01   1.0000000e+00   4.1700000e+02   7.9564000e+02   1.0000000e+00
  -7.3405591e-01  -9.5911671e-01  -5.2040554e-01   1.0000000e+00   4.4079200e+02   8.3139200e+02   1.0000000e+00
  -7.3059556e-01  -9.9768180e-01  -4.6169683e-01   1.0000000e+00   4.7282800e+02   8.5985100e+02   1.0000000e+00
  -7.3177615e-01  -1.0296688e+00  -3.9205049e-01   1.0000000e+00   5.1455300e+02   8.8491700e+02   1.0000000e+00
  -7.3182215e-01  -1.0546302e+00  -3.1006291e-01   1.0000000e+00   5.6745500e+02   9.0858000e+02   1.0000000e+00
  -7.2465528e-01  -1.0714788e+00  -2.1900448e-01   1.0000000e+00   6.2904200e+02   9.3189400e+02   1.0000000e+00
  -7.0804590e-01  -1.0875213e+00  -1.2388561e-01   1.0000000e+00   6.9415800e+02   9.5928800e+02   1.0000000e+00
  -6.9384996e-01  -1.0997701e+00  -3.5960033e-02   1.0000000e+00   7.5534200e+02   9.8267800e+02   1.0000000e+00
  -6.8738644e-01  -1.1057167e+00   3.7869057e-02   1.0000000e+00   8.0770300e+02   9.9741200e+02   1.0000000e+00
  -6.8391945e-01  -1.1151214e+00   1.0492292e-01   1.0000000e+00   8.5584600e+02   1.0126100e+03   1.0000000e+00
  -7.5697736e-01  -1.0551055e+00   5.7616945e-01   1.0000000e+00   1.2162400e+03   9.9814200e+02   1.0000000e+00
  -7.6046333e-01  -9.8557428e-01   6.2725457e-01   1.0000000e+00   1.2427000e+03   9.5687000e+02   1.0000000e+00
  -7.6003563e-01  -9.0846781e-01   6.7595572e-01   1.0000000e+00   1.2633400e+03   9.1464300e+02   1.0000000e+00
  -7.5191026e-01  -8.3572085e-01   7.2418212e-01   1.0000000e+00   1.2782300e+03   8.8077300e+02   1.0000000e+00
  -6.2999912e-01   7.8226586e-01  -6.2069258e-01   1.0000000e+00   5.8157800e+02   3.3653300e+02   1.0000000e+00
  -6.3515512e-01   7.2444659e-01  -6.6564066e-01   1.0000000e+00   5.6111600e+02   3.4311600e+02   1.0000000e+00
  -6.4162202e-01   6.6490250e-01  -7.0249441e-01   1.0000000e+00   5.4300000e+02   3.5000000e+02   1.0000000e+00
  -6.4959878e-01   6.0707030e-01  -7.3145343e-01   1.0000000e+00   5.2736200e+02   3.5680900e+02   1.0000000e+00
  -6.5382297e-01   5.5062700e-01  -7.5876426e-01   1.0000000e+00   5.1208500e+02   3.6491500e+02   1.0000000e+00
  -6.5360800e-01   4.9461815e-01  -7.8727359e-01   1.0000000e+00   4.9593600e+02   3.7455300e+02   1.0000000e+00
  -6.5016617e-01   4.3651766e-01  -8.1994011e-01   1.0000000e+00   4.7763300e+02   3.8581600e+02   1.0000000e+00
  -6.4642185e-01   3.7438353e-01  -8.5471273e-01   1.0000000e+00   4.5750000e+02   3.9850000e+02   1.0000000e+00
  -6.3982913e-01   3.1284906e-01  -8.8276748e-01   1.0000000e+00   4.3950000e+02   4.1250000e+02   1.0000000e+00
  -6.3367828e-01   2.4406479e-01  -9.0764297e-01   1.0000000e+00   4.2161100e+02   4.2861100e+02   1.0000000e+00
  -6.3679575e-01   1.7164031e-01  -9.1585647e-01   1.0000000e+00   4.0938900e+02   4.4361100e+02   1.0000000e+00
  -6.3725235e-01   9.7100309e-02  -9.1194978e-01   1.0000000e+00   4.0150000e+02   4.6150000e+02   1.0000000e+00
  -6.3189247e-01   2.3278908e-02  -8.9916888e-01   1.0000000e+00   3.9713800e+02   4.8250000e+02   1.0000000e+00
  -6.2184744e-01  -5.0116624e-02  -8.7480341e-01   1.0000000e+00   3.9812900e+02   5.0672600e+02   1.0000000e+00
  -6.0874919e-01  -1.2660823e-01  -8.4119851e-01   1.0000000e+00   4.0304900e+02   5.3455700e+02   1.0000000e+00
  -5.9292856e-01  -2.0636644e-01  -8.0668675e-01   1.0000000e+00   4.0827300e+02   5.6572700e+02   1.0000000e+00
  -5.7692397e-01  -2.9065906e-01  -7.7414792e-01   1.0000000e+00   4.1212900e+02   5.9984300e+02   1.0000000e+00
  -5.6251312e-01  -3.6960750e-01  -7.3511518e-01   1.0000000e+00   4.2011300e+02   6.3364800e+02   1.0000000e+00
  -5.6345354e-01  -4.4344252e-01  -6.9094243e-01   1.0000000e+00   4.3144200e+02   6.6197400e+02   1.0000000e+00
  -5.7990753e-01  -5.0296970e-01  -6.5203418e-01   1.0000000e+00   4.4228800e+02   6.8021300e+02   1.0000000e+00
  -5.9445709e-01  -5.5899862e-01  -6.2000445e-01   1.0000000e+00   4.5055400e+02   6.9836100e+02   1.0000000e+00
  -6.0803682e-01  -6.1268291e-01  -5.8953886e-01   1.0000000e+00   4.5880700e+02   7.1663600e+02   1.0000000e+00
  -6.2185258e-01  -6.6341670e-01  -5.5680115e-01   1.0000000e+00   4.6922800e+02   7.3491300e+02   1.0000000e+00
  -6.2661802e-01  -7.1563845e-01  -5.2514751e-01   1.0000000e+00   4.7974200e+02   7.5797900e+02   1.0000000e+00
  -6.2029152e-01  -7.7288445e-01  -4.9569656e-01   1.0000000e+00   4.8855400e+02   7.8891100e+02   1.0000000e+00
  -6.1327265e-01  -8.3123433e-01  -4.6653959e-01   1.0000000e+00   4.9766400e+02   8.2154200e+02   1.0000000e+00
  -6.1208439e-01  -8.8631987e-01  -4.3384023e-01   1.0000000e+00   5.0970000e+02   8.5227300e+02   1.0000000e+00
  -6.2638683e-01  -9.3035024e-01  -3.9324478e-01   1.0000000e+00   5.2863500e+02   8.7333000e+02   1.0000000e+00
  -6.4567602e-01  -9.6280292e-01  -3.4580136e-01   1.0000000e+00   5.5466900e+02   8.8777100e+02   1.0000000e+00
  -6.5798862e-01  -9.9070504e-01  -2.9028665e-01   1.0000000e+00   5.8762400e+02   9.0403200e+02   1.0000000e+00
  -6.6573263e-01  -1.0157082e+00  -2.2648396e-01   1.0000000e+00   6.2758600e+02   9.2190600e+02   1.0000000e+00
  -6.7415852e-01  -1.0362898e+00  -1.5494389e-01   1.0000000e+00   6.7463600e+02   9.3809300e+02   1.0000000e+00
  -6.8813227e-01  -1.0534161e+00  -7.6357793e-02   1.0000000e+00   7.2883500e+02   9.5138100e+02   1.0000000e+00
  -7.0096155e-01  -1.0729458e+00   6.6391733e-03   1.0000000e+00   7.8751700e+02   9.6754500e+02   1.0000000e+00
  -7.0139689e-01  -1.0993339e+00   8.8481335e-02   1.0000000e+00   8.4602700e+02   9.9338100e+02   1.0000000e+00
  -7.0017462e-01  -6.0589384e-01   7.6384754e-01   1.0000000e+00   1.2540400e+03   7.8800000e+02   1.0000000e+00
  -7.0836685e-01  -5.6130371e-01   7.2535532e-01   1.0000000e+00   1.2253100e+03   7.6106100e+02   1.0000000e+00
  -7.1636167e-01  -5.1946596e-01   6.8784682e-01   1.0000000e+00   1.1984700e+03   7.3654600e+02   1.0000000e+00
  -7.2391915e-01  -4.7631778e-01   6.5396682e-01   1.0000000e+00   1.1744700e+03   7.1254600e+02   1.0000000e+00
  -7.3177697e-01  -4.3261770e-01   6.2512861e-01   1.0000000e+00   1.1540000e+03   6.8950000e+02   1.0000000e+00
  -7.3865545e-01  -3.9049871e-01   5.9821781e-01   1.0000000e+00   1.1353500e+03   6.6830100e+02   1.0000000e+00
  -7.4459215e-01  -3.4359829e-01   5.6793334e-01   1.0000000e+00   1.1147600e+03   6.4575600e+02   1.0000000e+00
  -7.5205236e-01  -2.9946296e-01   5.2466865e-01   1.0000000e+00   1.0880900e+03   6.2376100e+02   1.0000000e+00
  -7.5086393e-01  -2.5465013e-01   4.7006743e-01   1.0000000e+00   1.0550500e+03   6.0486400e+02   1.0000000e+00
  -7.4174173e-01  -2.1204857e-01   4.0695485e-01   1.0000000e+00   1.0178400e+03   5.8983700e+02   1.0000000e+00
  -7.2498842e-01  -1.6983690e-01   3.3759658e-01   1.0000000e+00   9.7788200e+02   5.7800000e+02   1.0000000e+00
  -6.9668747e-01  -1.2215953e-01   2.6553719e-01   1.0000000e+00   9.3679000e+02   5.6912300e+02   1.0000000e+00
  -6.6240606e-01  -6.7546945e-02   1.9263500e-01   1.0000000e+00   8.9665300e+02   5.6094700e+02   1.0000000e+00
  -6.3281204e-01  -1.6799453e-02   1.2484533e-01   1.0000000e+00   8.6150000e+02   5.5289500e+02   1.0000000e+00
  -6.1888247e-01   3.6042960e-02   6.3326451e-02   1.0000000e+00   8.3180300e+02   5.3932400e+02   1.0000000e+00
  -6.2372342e-01   9.0054542e-02   1.4443737e-02   1.0000000e+00   8.1026100e+02   5.1979700e+02   1.0000000e+00
  -6.3650234e-01   1.4707832e-01  -2.4173234e-02   1.0000000e+00   7.9439700e+02   4.9800000e+02   1.0000000e+00
  -6.5001346e-01   2.0445568e-01  -5.5037923e-02   1.0000000e+00   7.8249200e+02   4.7672300e+02   1.0000000e+00
  -6.5859553e-01   2.6500997e-01  -8.5429744e-02   1.0000000e+00   7.7101700e+02   4.5738300e+02   1.0000000e+00
  -6.6465698e-01   3.3052538e-01  -1.1687212e-01   1.0000000e+00   7.5923700e+02   4.3813600e+02   1.0000000e+00
  -6.6906576e-01   3.9682843e-01  -1.4500539e-01   1.0000000e+00   7.4939300e+02   4.2021400e+02   1.0000000e+00
  -6.7376454e-01   4.6753922e-01  -1.7165532e-01   1.0000000e+00   7.4050000e+02   4.0185200e+02   1.0000000e+00
  -6.8814362e-01   5.2845462e-01  -2.0248240e-01   1.0000000e+00   7.3038500e+02   3.8275000e+02   1.0000000e+00
  -6.9756880e-01   5.8585717e-01  -2.3925244e-01   1.0000000e+00   7.1785700e+02   3.6608200e+02   1.0000000e+00
  -6.9488892e-01   6.4665728e-01  -2.7537349e-01   1.0000000e+00   7.0570200e+02   3.5393600e+02   1.0000000e+00
  -6.8428215e-01   7.1086819e-01  -3.0977227e-01   1.0000000e+00   6.9455600e+02   3.4393300e+02   1.0000000e+00
  -6.6690296e-01   7.7916590e-01  -3.4333114e-01   1.0000000e+00   6.8411600e+02   3.3611600e+02   1.0000000e+00
  -6.4426875e-01   8.5031399e-01  -3.7533004e-01   1.0000000e+00   6.7466700e+02   3.3000000e+02   1.0000000e+00
  -7.1578422e-01   1.0321256e+00   2.2426505e-01   1.0000000e+00   8.9858500e+02   3.0163400e+02   1.0000000e+00
  -7.1114373e-01   9.6357646e-01   2.4640252e-01   1.0000000e+00   9.0741900e+02   3.1497700e+02   1.0000000e+00
  -7.0477273e-01   8.8318515e-01   2.6334085e-01   1.0000000e+00   9.1457800e+02   3.3146700e+02   1.0000000e+00
  -6.9670533e-01   7.9596289e-01   2.7817763e-01   1.0000000e+00   9.2124400e+02   3.5044400e+02   1.0000000e+00
  -6.8861078e-01   7.0822172e-01   2.9112603e-01   1.0000000e+00   9.2737000e+02   3.7010900e+02   1.0000000e+00
  -6.8141433e-01   6.1962886e-01   3.0638443e-01   1.0000000e+00   9.3470200e+02   3.9093600e+02   1.0000000e+00
  -6.8165732e-01   5.3578362e-01   3.2057130e-01   1.0000000e+00   9.4265300e+02   4.0879600e+02   1.0000000e+00
  -6.8938714e-01   4.6216958e-01   3.3070775e-01   1.0000000e+00   9.4950000e+02   4.2250000e+02   1.0000000e+00
  -6.9320448e-01   3.9796295e-01   3.4363557e-01   1.0000000e+00   9.5707300e+02   4.3634500e+02   1.0000000e+00
  -6.9238507e-01   3.3922087e-01   3.6503509e-01   1.0000000e+00   9.6810500e+02   4.5143900e+02   1.0000000e+00
  -6.9328754e-01   2.8770068e-01   3.9475262e-01   1.0000000e+00   9.8301700e+02   4.6517200e+02   1.0000000e+00
  -6.9318860e-01   2.3804390e-01   4.3255719e-01   1.0000000e+00   1.0019300e+03   4.7952500e+02   1.0000000e+00
  -6.9311671e-01   1.8522400e-01   4.7330605e-01   1.0000000e+00   1.0229300e+03   4.9552500e+02   1.0000000e+00
  -6.9461281e-01   1.2849174e-01   5.1423785e-01   1.0000000e+00   1.0450000e+03   5.1242600e+02   1.0000000e+00
  -6.8901312e-01   7.0765304e-02   5.5512931e-01   1.0000000e+00   1.0670900e+03   5.3290800e+02   1.0000000e+00
  -6.8614327e-01   1.0076854e-02   5.9161755e-01   1.0000000e+00   1.0885300e+03   5.5362500e+02   1.0000000e+00
  -6.9153091e-01  -5.3171766e-02   6.1863302e-01   1.0000000e+00   1.1073500e+03   5.7225000e+02   1.0000000e+00
  -7.0021056e-01  -1.2004132e-01   6.3899295e-01   1.0000000e+00   1.1245900e+03   5.9128600e+02   1.0000000e+00
  -7.1222772e-01  -1.8804256e-01   6.5652015e-01   1.0000000e+00   1.1420000e+03   6.1000000e+02   1.0000000e+00
  -7.2349523e-01  -2.5767508e-01   6.7837967e-01   1.0000000e+00   1.1625900e+03   6.3108100e+02   1.0000000e+00
  -7.3050859e-01  -3.3127730e-01   7.0457967e-01   1.0000000e+00   1.1865600e+03   6.5691000e+02   1.0000000e+00
  -7.3884377e-01  -4.1200000e-01   7.3433684e-01   1.0000000e+00   1.2154000e+03   6.8667900e+02   1.0000000e+00
  -7.4835462e-01  -4.8875843e-01   7.6082132e-01   1.0000000e+00   1.2438400e+03   7.1638600e+02   1.0000000e+00
  -7.5834916e-01  -5.6206390e-01   7.9035630e-01   1.0000000e+00   1.2754700e+03   7.4655800e+02   1.0000000e+00
  -7.6199662e-01   4.0608965e-01   9.9266850e-01   1.0000000e+00   1.2465700e+03   4.4383700e+02   1.0000000e+00
  -7.4316993e-01   4.6466470e-01   9.3114610e-01   1.0000000e+00   1.2103200e+03   4.3380900e+02   1.0000000e+00
  -7.2275783e-01   5.2116747e-01   8.7187505e-01   1.0000000e+00   1.1765700e+03   4.2517000e+02   1.0000000e+00
  -7.0137012e-01   5.7903428e-01   8.1445675e-01   1.0000000e+00   1.1449500e+03   4.1706800e+02   1.0000000e+00
  -7.0337995e-01   6.3386063e-01   7.7329289e-01   1.0000000e+00   1.1241300e+03   4.0295700e+02   1.0000000e+00
  -7.1587158e-01   6.9110087e-01   7.4571711e-01   1.0000000e+00   1.1103300e+03   3.8582200e+02   1.0000000e+00
  -7.3381976e-01   7.4892959e-01   7.2342688e-01   1.0000000e+00   1.0993600e+03   3.6709100e+02   1.0000000e+00
  -7.5727840e-01   8.0587992e-01   7.0072362e-01   1.0000000e+00   1.0890300e+03   3.4732500e+02   1.0000000e+00
  -1.2788564e+00   5.0720283e-01  -9.6788640e-01   1.0000000e+00   4.1450000e+02   1.2200000e+02   1.0000000e+00
  -1.2864994e+00   4.3090003e-01  -9.4619498e-01   1.0000000e+00   4.1356900e+02   1.3049200e+02   1.0000000e+00
  -1.2955725e+00   3.5983672e-01  -9.2976906e-01   1.0000000e+00   4.1094100e+02   1.3797100e+02   1.0000000e+00
  -1.3036371e+00   2.9675899e-01  -9.2221321e-01   1.0000000e+00   4.0537500e+02   1.4462500e+02   1.0000000e+00
  -1.3047423e+00   2.3729411e-01  -9.2355439e-01   1.0000000e+00   3.9600000e+02   1.5400000e+02   1.0000000e+00
  -1.2977225e+00   1.7695337e-01  -9.3020094e-01   1.0000000e+00   3.8402600e+02   1.6744200e+02   1.0000000e+00
  -1.2894480e+00   1.1061630e-01  -9.3400234e-01   1.0000000e+00   3.7188500e+02   1.8333300e+02   1.0000000e+00
  -1.2906488e+00   4.5066374e-02  -9.3343400e-01   1.0000000e+00   3.6131300e+02   1.9535000e+02   1.0000000e+00
  -1.2948040e+00  -1.5693827e-02  -9.2854445e-01   1.0000000e+00   3.5301200e+02   2.0544200e+02   1.0000000e+00
  -1.3006807e+00  -6.9936678e-02  -9.1147532e-01   1.0000000e+00   3.5180700e+02   2.1439800e+02   1.0000000e+00
  -1.3070840e+00  -1.1526771e-01  -8.9009476e-01   1.0000000e+00   3.5446800e+02   2.2191500e+02   1.0000000e+00
  -1.3085645e+00  -1.6502898e-01  -8.6651915e-01   1.0000000e+00   3.5782300e+02   2.3341700e+02   1.0000000e+00
  -1.3044667e+00  -2.2206682e-01  -8.3599845e-01   1.0000000e+00   3.6467300e+02   2.5092300e+02   1.0000000e+00
  -1.2970812e+00  -2.8335757e-01  -7.9516974e-01   1.0000000e+00   3.7628800e+02   2.7200000e+02   1.0000000e+00
  -1.2950442e+00  -3.4483166e-01  -7.4522586e-01   1.0000000e+00   3.9350500e+02   2.9205500e+02   1.0000000e+00
  -1.3023054e+00  -4.0440183e-01  -6.9002335e-01   1.0000000e+00   4.1501700e+02   3.0800000e+02   1.0000000e+00
  -1.3096484e+00  -4.6090653e-01  -6.3867061e-01   1.0000000e+00   4.3636300e+02   3.2358900e+02   1.0000000e+00
  -1.3207017e+00  -5.1703668e-01  -5.9580355e-01   1.0000000e+00   4.5340500e+02   3.3751100e+02   1.0000000e+00
  -1.3330281e+00  -5.6950316e-01  -5.6363159e-01   1.0000000e+00   4.6507800e+02   3.4938300e+02   1.0000000e+00
  -1.3404598e+00  -6.2245306e-01  -5.3263097e-01   1.0000000e+00   4.7665600e+02   3.6516600e+02   1.0000000e+00
  -1.3412378e+00  -6.7907561e-01  -5.0004440e-01   1.0000000e+00   4.8958500e+02   3.8759100e+02   1.0000000e+00
  -1.3384245e+00  -7.3756980e-01  -4.6484113e-01   1.0000000e+00   5.0512400e+02   4.1465300e+02   1.0000000e+00
  -1.3407427e+00  -7.9285603e-01  -4.2716638e-01   1.0000000e+00   5.2394000e+02   4.3913700e+02   1.0000000e+00
  -1.3522927e+00  -8.4014409e-01  -3.9344121e-01   1.0000000e+00   5.4234000e+02   4.5500000e+02   1.0000000e+00
  -1.3614469e+00  -8.7986937e-01  -3.6050086e-01   1.0000000e+00   5.6251400e+02   4.6955800e+02   1.0000000e+00
  -1.3678564e+00  -9.1306708e-01  -3.1670490e-01   1.0000000e+00   5.9278600e+02   4.8528800e+02   1.0000000e+00
  -1.3725353e+00  -9.3513347e-01  -2.6887321e-01   1.0000000e+00   6.3010100e+02   4.9786400e+02   1.0000000e+00
  -1.3748124e+00  -9.5108306e-01  -2.1901716e-01   1.0000000e+00   6.7104700e+02   5.0973000e+02   1.0000000e+00
  -1.3753437e+00  -9.6509911e-01  -1.6496876e-01   1.0000000e+00   7.1667300e+02   5.2252200e+02   1.0000000e+00
  -1.3751104e+00  -9.7449240e-01  -1.0581773e-01   1.0000000e+00   7.6795500e+02   5.3419100e+02   1.0000000e+00
  -1.3786571e+00  -9.7878698e-01  -3.6985216e-02   1.0000000e+00   8.2939300e+02   5.4196800e+02   1.0000000e+00
  -1.3797188e+00  -9.7701631e-01   2.9281306e-02   1.0000000e+00   8.8900000e+02   5.4767500e+02   1.0000000e+00
  -1.3828234e+00  -9.7064783e-01   1.5692797e-01   1.0000000e+00   1.0051800e+03   5.5611100e+02   1.0000000e+00
  -1.3901292e+00  -9.7003756e-01   2.1723202e-01   1.0000000e+00   1.0616900e+03   5.5796800e+02   1.0000000e+00
  -1.3957468e+00  -9.7199758e-01   2.7899905e-01   1.0000000e+00   1.1200700e+03   5.6282500e+02   1.0000000e+00
  -1.3978534e+00  -9.7627022e-01   3.4716835e-01   1.0000000e+00   1.1843400e+03   5.7193600e+02   1.0000000e+00
  -1.3995145e+00  -9.7886166e-01   4.2122815e-01   1.0000000e+00   1.2545500e+03   5.8121000e+02   1.0000000e+00
  -1.4197070e+00   4.7509369e-01   8.4063028e-01   1.0000000e+00   1.2741800e+03   1.4505000e+02   1.0000000e+00
  -1.4137494e+00   5.3581135e-01   8.1679292e-01   1.0000000e+00   1.2528100e+03   1.3674600e+02   1.0000000e+00
  -1.4132110e+00   6.0062464e-01   7.9015553e-01   1.0000000e+00   1.2312300e+03   1.2560700e+02   1.0000000e+00
  -1.4231674e+00   6.6499917e-01   7.6427842e-01   1.0000000e+00   1.2127700e+03   1.1066000e+02   1.0000000e+00
  -1.3541565e+00   7.3476806e-01  -1.8926735e-01   1.0000000e+00   7.7015000e+02   8.8850000e+01   1.0000000e+00
  -1.3640603e+00   6.7498343e-01  -2.0821798e-01   1.0000000e+00   7.6100000e+02   9.1573800e+01   1.0000000e+00
  -1.3692368e+00   6.1216100e-01  -2.1817844e-01   1.0000000e+00   7.5503000e+02   9.6878800e+01   1.0000000e+00
  -1.3724259e+00   5.4773154e-01  -2.1399018e-01   1.0000000e+00   7.5532900e+02   1.0442900e+02   1.0000000e+00
  -1.3725291e+00   4.8970955e-01  -1.9740879e-01   1.0000000e+00   7.6148600e+02   1.1385700e+02   1.0000000e+00
  -1.3692302e+00   4.3402713e-01  -1.7196537e-01   1.0000000e+00   7.7209900e+02   1.2490100e+02   1.0000000e+00
  -1.3663237e+00   3.7873049e-01  -1.3803848e-01   1.0000000e+00   7.8711000e+02   1.3676700e+02   1.0000000e+00
  -1.3662560e+00   3.2534212e-01  -9.7055847e-02   1.0000000e+00   8.0646300e+02   1.4770000e+02   1.0000000e+00
  -1.3738616e+00   2.7335865e-01  -4.9702964e-02   1.0000000e+00   8.3040200e+02   1.5543900e+02   1.0000000e+00
  -1.3831200e+00   2.2191374e-01  -3.1774521e-03   1.0000000e+00   8.5501100e+02   1.6192000e+02   1.0000000e+00
  -1.3930834e+00   1.6709638e-01   4.2383434e-02   1.0000000e+00   8.8019300e+02   1.7039800e+02   1.0000000e+00
  -1.4002739e+00   1.0697915e-01   8.8785418e-02   1.0000000e+00   9.0711500e+02   1.8097900e+02   1.0000000e+00
  -1.4075877e+00   4.6161936e-02   1.2780369e-01   1.0000000e+00   9.3297000e+02   1.9403000e+02   1.0000000e+00
  -1.4009524e+00  -1.4577412e-02   1.7195168e-01   1.0000000e+00   9.5799000e+02   2.1109900e+02   1.0000000e+00
  -1.3937270e+00  -7.7915089e-02   2.1248754e-01   1.0000000e+00   9.8388600e+02   2.3201000e+02   1.0000000e+00
  -1.3849753e+00  -1.4075642e-01   2.5202704e-01   1.0000000e+00   1.0104500e+03   2.5398200e+02   1.0000000e+00
  -1.3864405e+00  -2.0733084e-01   2.9039676e-01   1.0000000e+00   1.0392100e+03   2.7290800e+02   1.0000000e+00
  -1.3958693e+00  -2.6921303e-01   3.2606147e-01   1.0000000e+00   1.0687200e+03   2.8750400e+02   1.0000000e+00
  -1.4052923e+00  -3.3180964e-01   3.6398258e-01   1.0000000e+00   1.1016500e+03   3.0291200e+02   1.0000000e+00
  -1.4175977e+00  -3.9242508e-01   4.0852264e-01   1.0000000e+00   1.1418100e+03   3.1708800e+02   1.0000000e+00
  -1.4261389e+00  -4.4682295e-01   4.5381955e-01   1.0000000e+00   1.1834000e+03   3.3291700e+02   1.0000000e+00
  -1.4272761e+00  -4.9944690e-01   4.9675323e-01   1.0000000e+00   1.2234300e+03   3.5290100e+02   1.0000000e+00
  -1.4239907e+00  -5.5170630e-01   5.3649126e-01   1.0000000e+00   1.2626400e+03   3.7740500e+02   1.0000000e+00
  -1.4258790e+00  -9.6880834e-01   4.3663976e-01   1.0000000e+00   1.2739000e+03   5.5813700e+02   1.0000000e+00
  -1.4227642e+00  -9.8041819e-01   3.9954470e-01   1.0000000e+00   1.2420900e+03   5.6223500e+02   1.0000000e+00
  -1.4178498e+00  -9.9118303e-01   3.5587660e-01   1.0000000e+00   1.2015400e+03   5.6656400e+02   1.0000000e+00
  -1.4122633e+00  -1.0027492e+00   3.0728019e-01   1.0000000e+00   1.1559300e+03   5.7117800e+02   1.0000000e+00
  -1.4130761e+00  -1.0165216e+00   2.5290623e-01   1.0000000e+00   1.1067900e+03   5.7265900e+02   1.0000000e+00
  -1.4124652e+00  -1.0278654e+00   2.0028159e-01   1.0000000e+00   1.0579700e+03   5.7346700e+02   1.0000000e+00
  -1.4118718e+00  -1.0322857e+00   1.4192600e-01   1.0000000e+00   1.0025400e+03   5.6939800e+02   1.0000000e+00
  -1.4114390e+00  -1.0280577e+00   7.8613699e-02   1.0000000e+00   9.4202200e+02   5.5948200e+02   1.0000000e+00
  -1.4042540e+00  -1.0152372e+00   2.1704349e-02   1.0000000e+00   8.8682800e+02   5.5055100e+02   1.0000000e+00
  -1.3773022e+00  -9.6817501e-01  -9.1783307e-02   1.0000000e+00   7.8080200e+02   5.3080600e+02   1.0000000e+00
  -1.3658863e+00  -9.3609487e-01  -1.5367061e-01   1.0000000e+00   7.2815400e+02   5.1515800e+02   1.0000000e+00
  -1.3572795e+00  -8.9928574e-01  -2.1859401e-01   1.0000000e+00   6.7577400e+02   4.9609500e+02   1.0000000e+00
  -1.3514715e+00  -8.6238089e-01  -2.8573237e-01   1.0000000e+00   6.2461400e+02   4.7574800e+02   1.0000000e+00
  -1.3414206e+00  -8.2749011e-01  -3.5285630e-01   1.0000000e+00   5.7566000e+02   4.6016800e+02   1.0000000e+00
  -1.3276715e+00  -7.9872101e-01  -4.2523238e-01   1.0000000e+00   5.2427300e+02   4.4992000e+02   1.0000000e+00
  -1.3099816e+00  -7.8157713e-01  -5.0019981e-01   1.0000000e+00   4.7153400e+02   4.4715900e+02   1.0000000e+00
  -1.2846023e+00  -7.7443039e-01  -5.7507553e-01   1.0000000e+00   4.1917400e+02   4.5345900e+02   1.0000000e+00
  -1.2118193e+00  -7.7807236e-01  -7.3068072e-01   1.0000000e+00   3.1278300e+02   4.8452200e+02   1.0000000e+00
  -1.1766589e+00  -7.8342371e-01  -8.0706572e-01   1.0000000e+00   2.6254200e+02   5.0009800e+02   1.0000000e+00
  -1.1474220e+00  -7.8570926e-01  -8.7275310e-01   1.0000000e+00   2.2141500e+02   5.1177600e+02   1.0000000e+00
  -1.1255026e+00  -7.8006716e-01  -9.2798860e-01   1.0000000e+00   1.8946500e+02   5.1667600e+02   1.0000000e+00
  -1.1145330e+00  -7.6611267e-01  -9.7346093e-01   1.0000000e+00   1.6593600e+02   5.1306400e+02   1.0000000e+00
  -1.1154131e+00  -7.4358365e-01  -1.0032552e+00   1.0000000e+00   1.5408300e+02   5.0121800e+02   1.0000000e+00
  -1.1258983e+00  -7.0897821e-01  -1.0171903e+00   1.0000000e+00   1.5465200e+02   4.8140900e+02   1.0000000e+00
  -1.1417816e+00  -6.6038482e-01  -1.0187311e+00   1.0000000e+00   1.6623300e+02   4.5500800e+02   1.0000000e+00
  -1.1574113e+00  -6.0033308e-01  -1.0135183e+00   1.0000000e+00   1.8495300e+02   4.2639400e+02   1.0000000e+00
  -1.1672896e+00  -5.3391953e-01  -1.0076264e+00   1.0000000e+00   2.0553800e+02   3.9977800e+02   1.0000000e+00
  -1.1735841e+00  -4.6073651e-01  -1.0017368e+00   1.0000000e+00   2.2736800e+02   3.7440400e+02   1.0000000e+00
  -1.2182729e+00  -2.3422269e-01  -9.6378337e-01   1.0000000e+00   2.9779600e+02   2.9204100e+02   1.0000000e+00
  -1.2364942e+00  -1.6095598e-01  -9.3843185e-01   1.0000000e+00   3.2501100e+02   2.6683200e+02   1.0000000e+00
  -1.2503505e+00  -8.9016901e-02  -9.0579410e-01   1.0000000e+00   3.5500000e+02   2.4510800e+02   1.0000000e+00
  -1.2603474e+00  -1.8980650e-02  -8.6363155e-01   1.0000000e+00   3.8819500e+02   2.2719500e+02   1.0000000e+00
  -1.2624400e+00   4.6514965e-02  -8.1112618e-01   1.0000000e+00   4.2477000e+02   2.1523000e+02   1.0000000e+00
  -1.2553236e+00   1.0185355e-01  -7.5234863e-01   1.0000000e+00   4.6165100e+02   2.1034900e+02   1.0000000e+00
  -1.2450552e+00   1.3945114e-01  -6.9478858e-01   1.0000000e+00   4.9468300e+02   2.1048800e+02   1.0000000e+00
  -1.2388997e+00   1.5235473e-01  -6.4535484e-01   1.0000000e+00   5.2027200e+02   2.1327200e+02   1.0000000e+00
  -1.2333238e+00   1.5686561e-01  -6.0284978e-01   1.0000000e+00   5.4144300e+02   2.1684800e+02   1.0000000e+00
  -1.2181108e+00   1.6794803e-01  -5.6248669e-01   1.0000000e+00   5.6222400e+02   2.2369700e+02   1.0000000e+00
  -1.1955203e+00   1.8274812e-01  -5.2287958e-01   1.0000000e+00   5.8248100e+02   2.3324100e+02   1.0000000e+00
  -1.1726812e+00   1.9952828e-01  -4.8052480e-01   1.0000000e+00   6.0406500e+02   2.4249300e+02   1.0000000e+00
  -1.1442031e+00   2.1801521e-01  -4.2761985e-01   1.0000000e+00   6.3034200e+02   2.5431600e+02   1.0000000e+00
  -1.1084172e+00   2.4343965e-01  -3.7885842e-01   1.0000000e+00   6.5435600e+02   2.6743800e+02   1.0000000e+00
  -1.0656596e+00   2.7505185e-01  -3.3810239e-01   1.0000000e+00   6.7410100e+02   2.8178300e+02   1.0000000e+00
  -1.0237271e+00   3.0524120e-01  -2.9545208e-01   1.0000000e+00   6.9410900e+02   2.9540600e+02   1.0000000e+00
  -9.8995334e-01   3.3996131e-01  -2.4305233e-01   1.0000000e+00   7.1804700e+02   3.0504700e+02   1.0000000e+00
  -9.6630633e-01   3.8412269e-01  -1.7773374e-01   1.0000000e+00   7.4795300e+02   3.0895300e+02   1.0000000e+00
  -9.5612025e-01   4.3572335e-01  -1.0796865e-01   1.0000000e+00   7.7968400e+02   3.0622800e+02   1.0000000e+00
  -9.5397538e-01   4.9039393e-01  -3.6757449e-02   1.0000000e+00   8.1150000e+02   2.9986200e+02   1.0000000e+00
  -9.5451465e-01   5.4654500e-01   3.2900372e-02   1.0000000e+00   8.4200000e+02   2.9250000e+02   1.0000000e+00
  -9.5927753e-01   5.9511624e-01   9.4032970e-02   1.0000000e+00   8.6807600e+02   2.8462300e+02   1.0000000e+00
  -9.6914742e-01   6.3455003e-01   1.4601528e-01   1.0000000e+00   8.9023500e+02   2.7623500e+02   1.0000000e+00
  -9.8243989e-01   6.6395172e-01   1.8901228e-01   1.0000000e+00   9.0869400e+02   2.6806100e+02   1.0000000e+00
  -9.9366832e-01   6.8110406e-01   2.2709004e-01   1.0000000e+00   9.2481600e+02   2.6261200e+02   1.0000000e+00
  -1.0028617e+00   6.8982311e-01   2.6179464e-01   1.0000000e+00   9.3971400e+02   2.5930600e+02   1.0000000e+00
  -1.0099449e+00   6.9256828e-01   2.9507106e-01   1.0000000e+00   9.5422400e+02   2.5755100e+02   1.0000000e+00
  -1.0150237e+00   6.8753156e-01   3.3032504e-01   1.0000000e+00   9.6942900e+02   2.5832700e+02   1.0000000e+00
  -1.0200599e+00   6.7161287e-01   3.6912313e-01   1.0000000e+00   9.8671700e+02   2.6078300e+02   1.0000000e+00
  -1.0281925e+00   6.4400874e-01   4.1088356e-01   1.0000000e+00   1.0064000e+03   2.6454000e+02   1.0000000e+00
  -1.0384591e+00   6.0682084e-01   4.5414120e-01   1.0000000e+00   1.0276700e+03   2.6957100e+02   1.0000000e+00
  -1.0465465e+00   5.6428113e-01   4.9481376e-01   1.0000000e+00   1.0490600e+03   2.7614000e+02   1.0000000e+00
  -1.0529148e+00   5.2183151e-01   5.3491524e-01   1.0000000e+00   1.0704300e+03   2.8354700e+02   1.0000000e+00
  -1.0595915e+00   4.8740918e-01   5.7306796e-01   1.0000000e+00   1.0908400e+03   2.8936800e+02   1.0000000e+00
  -1.0660686e+00   4.5373057e-01   6.1273083e-01   1.0000000e+00   1.1123900e+03   2.9539300e+02   1.0000000e+00
  -1.0730154e+00   4.1784944e-01   6.5142238e-01   1.0000000e+00   1.1343600e+03   3.0182800e+02   1.0000000e+00
  -1.0804630e+00   3.8010423e-01   6.8768030e-01   1.0000000e+00   1.1559500e+03   3.0855700e+02   1.0000000e+00
  -1.0860615e+00   3.3978008e-01   7.2476363e-01   1.0000000e+00   1.1786800e+03   3.1687100e+02   1.0000000e+00
  -1.0874445e+00   2.9534741e-01   7.6640075e-01   1.0000000e+00   1.2041100e+03   3.2840300e+02   1.0000000e+00
  -1.0806248e+00   2.4511810e-01   8.1797100e-01   1.0000000e+00   1.2348500e+03   3.4580000e+02   1.0000000e+00
  -1.0619342e+00   1.8732863e-01   8.7812053e-01   1.0000000e+00   1.2698600e+03   3.7128800e+02   1.0000000e+00
  -8.4424032e-01  -1.0807590e+00   6.1055498e-01   1.0000000e+00   1.2726500e+03   9.8325000e+02   1.0000000e+00
  -8.4252271e-01  -1.1083117e+00   5.6003843e-01   1.0000000e+00   1.2369000e+03   9.9719800e+02   1.0000000e+00
  -8.4200898e-01  -1.1234204e+00   4.9319093e-01   1.0000000e+00   1.1850100e+03   9.9940700e+02   1.0000000e+00
  -8.3280397e-01  -1.1331816e+00   4.1064835e-01   1.0000000e+00   1.1171400e+03   1.0000200e+03   1.0000000e+00
  -8.1150185e-01  -1.1352779e+00   3.1751363e-01   1.0000000e+00   1.0382900e+03   9.9909900e+02   1.0000000e+00
  -7.8539219e-01  -1.1236428e+00   2.2375221e-01   1.0000000e+00   9.5951600e+02   9.9083200e+02   1.0000000e+00
  -7.6707470e-01  -1.1077054e+00   1.3497375e-01   1.0000000e+00   8.8851000e+02   9.7738700e+02   1.0000000e+00
  -7.5730456e-01  -1.0882977e+00   5.3818180e-02   1.0000000e+00   8.2700000e+02   9.5950000e+02   1.0000000e+00
  -7.4147561e-01  -1.0640066e+00  -2.4978317e-02   1.0000000e+00   7.6877300e+02   9.4177300e+02   1.0000000e+00
  -7.2462353e-01  -1.0408315e+00  -9.7203038e-02   1.0000000e+00   7.1722000e+02   9.2678000e+02   1.0000000e+00
  -7.0965332e-01  -1.0221349e+00  -1.6190090e-01   1.0000000e+00   6.7284200e+02   9.1483500e+02   1.0000000e+00
  -6.9598502e-01  -1.0055279e+00  -2.2131667e-01   1.0000000e+00   6.3310100e+02   9.0442000e+02   1.0000000e+00
  -6.8842766e-01  -9.8989971e-01  -2.7376915e-01   1.0000000e+00   5.9926100e+02   8.9310400e+02   1.0000000e+00
  -6.8634541e-01  -9.7674738e-01  -3.2021725e-01   1.0000000e+00   5.6983300e+02   8.8168900e+02   1.0000000e+00
  -6.8018531e-01  -9.6781439e-01  -3.7483949e-01   1.0000000e+00   5.3511800e+02   8.7364000e+02   1.0000000e+00
  -6.6861581e-01  -9.6114741e-01  -4.3356617e-01   1.0000000e+00   4.9811200e+02   8.6864200e+02   1.0000000e+00
  -6.5666242e-01  -9.5147557e-01  -4.8829755e-01   1.0000000e+00   4.6458100e+02   8.6317100e+02   1.0000000e+00
  -6.4194474e-01  -9.3831418e-01  -5.3698380e-01   1.0000000e+00   4.3713500e+02   8.5675400e+02   1.0000000e+00
  -6.2782870e-01  -9.0721065e-01  -5.7829906e-01   1.0000000e+00   4.1726200e+02   8.4274600e+02   1.0000000e+00
  -6.1926814e-01  -8.6106462e-01  -6.1587589e-01   1.0000000e+00   4.0363900e+02   8.1937000e+02   1.0000000e+00
  -6.1441251e-01  -8.0185706e-01  -6.4620480e-01   1.0000000e+00   3.9661500e+02   7.9054700e+02   1.0000000e+00
  -6.0798927e-01  -7.3340290e-01  -6.7074840e-01   1.0000000e+00   3.9492700e+02   7.6035800e+02   1.0000000e+00
  -6.0360588e-01  -6.5668744e-01  -6.9006545e-01   1.0000000e+00   3.9744700e+02   7.2801900e+02   1.0000000e+00
  -6.0127308e-01  -5.7921918e-01  -7.0837530e-01   1.0000000e+00   4.0049500e+02   6.9658900e+02   1.0000000e+00
  -6.0251117e-01  -5.0225868e-01  -7.2628608e-01   1.0000000e+00   4.0334100e+02   6.6562600e+02   1.0000000e+00
  -6.0097519e-01  -4.1452344e-01  -7.4532904e-01   1.0000000e+00   4.0729100e+02   6.3358100e+02   1.0000000e+00
  -6.0945706e-01  -3.2704529e-01  -7.5542863e-01   1.0000000e+00   4.1500000e+02   6.0050000e+02   1.0000000e+00
  -6.2435523e-01  -2.4591552e-01  -7.5929905e-01   1.0000000e+00   4.2416200e+02   5.6889200e+02   1.0000000e+00
  -6.3889238e-01  -1.7149206e-01  -7.6147453e-01   1.0000000e+00   4.3262200e+02   5.4100000e+02   1.0000000e+00
  -6.4927799e-01  -1.0056470e-01  -7.6214439e-01   1.0000000e+00   4.4136600e+02   5.1676100e+02   1.0000000e+00
  -6.5718635e-01  -2.9060718e-02  -7.5928832e-01   1.0000000e+00   4.5136400e+02   4.9450000e+02   1.0000000e+00
  -6.6584799e-01   4.4404669e-02  -7.5097327e-01   1.0000000e+00   4.6368300e+02   4.7258700e+02   1.0000000e+00
  -6.7345094e-01   1.2248600e-01  -7.3771600e-01   1.0000000e+00   4.7803200e+02   4.5124200e+02   1.0000000e+00
  -6.7949006e-01   2.0540665e-01  -7.1957027e-01   1.0000000e+00   4.9456100e+02   4.3033300e+02   1.0000000e+00
  -6.8116321e-01   2.8203727e-01  -6.9653831e-01   1.0000000e+00   5.1171400e+02   4.1350000e+02   1.0000000e+00
  -6.7176050e-01   3.5575769e-01  -6.6735963e-01   1.0000000e+00   5.3056600e+02   4.0218900e+02   1.0000000e+00
  -6.6561054e-01   4.2943922e-01  -6.2455542e-01   1.0000000e+00   5.5423500e+02   3.9076500e+02   1.0000000e+00
  -6.6610812e-01   5.0130105e-01  -5.7282298e-01   1.0000000e+00   5.8036000e+02   3.7850000e+02   1.0000000e+00
  -6.6943889e-01   5.6844063e-01  -5.1182722e-01   1.0000000e+00   6.0875500e+02   3.6691800e+02   1.0000000e+00
  -6.7689455e-01   6.2966099e-01  -4.4196024e-01   1.0000000e+00   6.3957100e+02   3.5567300e+02   1.0000000e+00
  -6.8540973e-01   6.8502548e-01  -3.6804173e-01   1.0000000e+00   6.7104400e+02   3.4584400e+02   1.0000000e+00
  -6.8950018e-01   7.3884654e-01  -2.9159537e-01   1.0000000e+00   7.0250000e+02   3.3800000e+02   1.0000000e+00
  -6.9033760e-01   7.8831164e-01  -2.1139478e-01   1.0000000e+00   7.3475000e+02   3.3220500e+02   1.0000000e+00
  -7.0125625e-01   8.2881552e-01  -1.3543691e-01   1.0000000e+00   7.6466700e+02   3.2500000e+02   1.0000000e+00
  -7.1754787e-01   8.6490232e-01  -6.9460756e-02   1.0000000e+00   7.9081000e+02   3.1607100e+02   1.0000000e+00
  -7.3297155e-01   8.9761629e-01  -6.4790147e-03   1.0000000e+00   8.1533300e+02   3.0800000e+02   1.0000000e+00
  -7.4975993e-01   9.2346137e-01   5.5258230e-02   1.0000000e+00   8.3933300e+02   3.0100000e+02   1.0000000e+00
  -7.5888306e-01   9.4577163e-01   1.1755124e-01   1.0000000e+00   8.6300000e+02   2.9675600e+02   1.0000000e+00
  -7.5426760e-01   9.6837111e-01   1.8315185e-01   1.0000000e+00   8.8685400e+02   2.9714600e+02   1.0000000e+00
  -7.4336269e-01   9.8584567e-01   2.4582874e-01   1.0000000e+00   9.0900000e+02   3.0075600e+02   1.0000000e+00
  -7.2664381e-01   9.9666278e-01   3.1147325e-01   1.0000000e+00   9.3170700e+02   3.0707300e+02   1.0000000e+00
  -7.0911135e-01   9.9336012e-01   3.8383424e-01   1.0000000e+00   9.5684200e+02   3.1650000e+02   1.0000000e+00
  -7.0073228e-01   9.7095688e-01   4.6001001e-01   1.0000000e+00   9.8480000e+02   3.2607500e+02   1.0000000e+00
  -7.0338472e-01   9.3089278e-01   5.3471115e-01   1.0000000e+00   1.0140000e+03   3.3550000e+02   1.0000000e+00
  -7.1020852e-01   8.7792214e-01   6.0674576e-01   1.0000000e+00   1.0440700e+03   3.4581000e+02   1.0000000e+00
  -7.1724918e-01   8.2024228e-01   6.7345234e-01   1.0000000e+00   1.0735000e+03   3.5700000e+02   1.0000000e+00
  -7.2398934e-01   7.6277120e-01   7.3513401e-01   1.0000000e+00   1.1018400e+03   3.6818600e+02   1.0000000e+00
  -7.3590080e-01   7.0453299e-01   7.9131899e-01   1.0000000e+00   1.1297100e+03   3.7813300e+02   1.0000000e+00
  -7.4975909e-01   6.5280569e-01   8.4101317e-01   1.0000000e+00   1.1555000e+03   3.8613000e+02   1.0000000e+00
  -7.5650980e-01   6.0775349e-01   8.9109651e-01   1.0000000e+00   1.1809100e+03   3.9565200e+02   1.0000000e+00
  -7.6387047e-01   5.6479295e-01   9.4123158e-01   1.0000000e+00   1.2072300e+03   4.0455300e+02   1.0000000e+00
  -7.7321728e-01   5.2096500e-01   9.8961002e-01   1.0000000e+00   1.2337100e+03   4.1313300e+02   1.0000000e+00
  -7.7586619e-01   4.7629800e-01   1.0388296e+00   1.0000000e+00   1.2606300e+03   4.2489100e+02   1.0000000e+00
  -7.2869556e-01  -1.0559757e+00   6.4087113e-01   1.0000000e+00   1.2590700e+03   1.0182900e+03   1.0000000e+00
  -7.2425783e-01  -1.0804249e+00   5.4878265e-01   1.0000000e+00   1.1915000e+03   1.0222700e+03   1.0000000e+00
  -7.3649824e-01  -1.0987585e+00   4.6907982e-01   1.0000000e+00   1.1360000e+03   1.0212400e+03   1.0000000e+00
  -7.4664011e-01  -1.1189299e+00   3.9920785e-01   1.0000000e+00   1.0867200e+03   1.0218300e+03   1.0000000e+00
  -7.6817785e-01  -1.1550801e+00   2.6986263e-01   1.0000000e+00   9.9400000e+02   1.0222400e+03   1.0000000e+00
  -7.7073771e-01  -1.1926178e+00   2.7453707e-02   1.0000000e+00   8.0640000e+02   1.0197900e+03   1.0000000e+00
  -7.7701019e-01  -1.1791296e+00  -3.8770635e-02   1.0000000e+00   7.5610400e+02   1.0013600e+03   1.0000000e+00
  -7.8553761e-01  -1.1583311e+00  -1.0727076e-01   1.0000000e+00   7.0582300e+02   9.7487800e+02   1.0000000e+00
  -7.9135314e-01  -1.1351893e+00  -1.7415615e-01   1.0000000e+00   6.5773500e+02   9.4895700e+02   1.0000000e+00
  -7.9365423e-01  -1.1122399e+00  -2.3830319e-01   1.0000000e+00   6.1266400e+02   9.2560600e+02   1.0000000e+00
  -7.9368952e-01  -1.0897888e+00  -3.0439728e-01   1.0000000e+00   5.6727500e+02   9.0380400e+02   1.0000000e+00
  -7.9173346e-01  -1.0634037e+00  -3.6887819e-01   1.0000000e+00   5.2496000e+02   8.8147700e+02   1.0000000e+00
  -7.9296506e-01  -1.0397522e+00  -4.3347733e-01   1.0000000e+00   4.8322300e+02   8.5971600e+02   1.0000000e+00
  -7.9807886e-01  -1.0274153e+00  -4.9233836e-01   1.0000000e+00   4.4473800e+02   8.4389700e+02   1.0000000e+00
  -8.0328198e-01  -1.0244653e+00  -5.5007776e-01   1.0000000e+00   4.0563400e+02   8.3350300e+02   1.0000000e+00
  -8.0817486e-01  -1.0227700e+00  -6.0790659e-01   1.0000000e+00   3.6666700e+02   8.2399300e+02   1.0000000e+00
  -8.0986782e-01  -1.0241000e+00  -6.6429997e-01   1.0000000e+00   3.2846800e+02   8.1784400e+02   1.0000000e+00
  -8.0269476e-01  -1.0276920e+00  -7.1983445e-01   1.0000000e+00   2.9100000e+02   8.1700000e+02   1.0000000e+00
  -7.9278325e-01  -1.0331374e+00  -7.8391192e-01   1.0000000e+00   2.4830100e+02   8.1730100e+02   1.0000000e+00
  -7.8429538e-01  -1.0222324e+00  -8.4212921e-01   1.0000000e+00   2.1455500e+02   8.0889100e+02   1.0000000e+00
  -7.1028808e-01  -6.9598603e-01  -1.0303511e+00   1.0000000e+00   1.9672800e+02   6.7208700e+02   1.0000000e+00
  -6.9608508e-01  -5.8607452e-01  -1.0402333e+00   1.0000000e+00   2.1895800e+02   6.3504200e+02   1.0000000e+00
  -6.8605909e-01  -4.6966285e-01  -1.0401755e+00   1.0000000e+00   2.4508700e+02   5.9802200e+02   1.0000000e+00
  -6.8452274e-01  -3.5487058e-01  -1.0359188e+00   1.0000000e+00   2.7050000e+02   5.6112500e+02   1.0000000e+00
  -6.8844310e-01  -2.4780697e-01  -1.0235908e+00   1.0000000e+00   2.9624400e+02   5.2778200e+02   1.0000000e+00
  -6.9058437e-01  -1.5012167e-01  -1.0049866e+00   1.0000000e+00   3.2164000e+02   5.0012000e+02   1.0000000e+00
  -6.9465163e-01  -6.2519938e-02  -9.8491836e-01   1.0000000e+00   3.4533800e+02   4.7663200e+02   1.0000000e+00
  -7.0290048e-01   1.6575305e-02  -9.6271999e-01   1.0000000e+00   3.6663600e+02   4.5450000e+02   1.0000000e+00
  -7.1315831e-01   9.1602148e-02  -9.4122218e-01   1.0000000e+00   3.8617500e+02   4.3344400e+02   1.0000000e+00
  -7.1953474e-01   1.6562719e-01  -9.2118177e-01   1.0000000e+00   4.0428800e+02   4.1466100e+02   1.0000000e+00
  -7.1864796e-01   2.4190360e-01  -9.0415767e-01   1.0000000e+00   4.2103500e+02   3.9861400e+02   1.0000000e+00
  -7.0922432e-01   3.1314284e-01  -8.8479644e-01   1.0000000e+00   4.3761100e+02   3.8761100e+02   1.0000000e+00
  -6.9813185e-01   3.8628226e-01  -8.6310815e-01   1.0000000e+00   4.5467300e+02   3.7743600e+02   1.0000000e+00
  -6.9306264e-01   4.5706043e-01  -8.2614518e-01   1.0000000e+00   4.7674000e+02   3.6662000e+02   1.0000000e+00
  -6.9165721e-01   5.2569084e-01  -7.8075138e-01   1.0000000e+00   5.0136000e+02   3.5572000e+02   1.0000000e+00
  -6.9451849e-01   5.8841968e-01  -7.2991266e-01   1.0000000e+00   5.2637000e+02   3.4510900e+02   1.0000000e+00
  -6.9975916e-01   6.4564092e-01  -6.7102548e-01   1.0000000e+00   5.5350000e+02   3.3513000e+02   1.0000000e+00
  -7.0488784e-01   7.0091561e-01  -6.0494860e-01   1.0000000e+00   5.8250000e+02   3.2613000e+02   1.0000000e+00
  -7.0905149e-01   7.5576320e-01  -5.3462900e-01   1.0000000e+00   6.1255600e+02   3.1806700e+02   1.0000000e+00
  -7.1151551e-01   8.0980935e-01  -4.6092380e-01   1.0000000e+00   6.4281000e+02   3.1107100e+02   1.0000000e+00
  -7.1973525e-01   8.6131186e-01  -3.8768727e-01   1.0000000e+00   6.7241500e+02   3.0282900e+02   1.0000000e+00
  -7.4824678e-01   9.4756979e-01  -2.6750261e-01   1.0000000e+00   7.2058100e+02   2.8402300e+02   1.0000000e+00
