  -1.1699113e+00  -9.8162944e-01  -7.4672501e-01   1.0000000e+00   4.1466700e+02   2.6722200e+02   1.0000000e+00
  -1.2202984e+00  -9.1534868e-01  -6.8296775e-01   1.0000000e+00   4.3250000e+02   2.5250000e+02   1.0000000e+00
  -1.3017673e+00  -7.9097119e-01  -5.9367974e-01   1.0000000e+00   4.7041500e+02   2.2702400e+02   1.0000000e+00
  -1.3201978e+00  -7.2507912e-01  -5.5629363e-01   1.0000000e+00   4.9275600e+02   2.2200000e+02   1.0000000e+00
  -1.3255773e+00  -6.5305058e-01  -5.2393953e-01   1.0000000e+00   5.1792900e+02   2.2181000e+02   1.0000000e+00
  -1.3270969e+00  -5.7873316e-01  -5.0169740e-01   1.0000000e+00   5.4540900e+02   2.2261400e+02   1.0000000e+00
  -1.3316678e+00  -5.0802962e-01  -4.9407502e-01   1.0000000e+00   5.7250000e+02   2.2187000e+02   1.0000000e+00
  -1.3372178e+00  -4.4125125e-01  -4.9485361e-01   1.0000000e+00   5.9871100e+02   2.2013300e+02   1.0000000e+00
  -1.3414968e+00  -3.7907191e-01  -4.9442938e-01   1.0000000e+00   6.2307100e+02   2.1919000e+02   1.0000000e+00
  -1.3472734e+00  -3.1364893e-01  -4.8246364e-01   1.0000000e+00   6.4871100e+02   2.1813300e+02   1.0000000e+00
  -1.3514988e+00  -2.4752225e-01  -4.6968516e-01   1.0000000e+00   6.7497800e+02   2.1768900e+02   1.0000000e+00
  -1.3494337e+00  -1.8781528e-01  -4.6297946e-01   1.0000000e+00   6.9858700e+02   2.1945700e+02   1.0000000e+00
  -1.3404927e+00  -1.3682386e-01  -4.6232039e-01   1.0000000e+00   7.1882200e+02   2.2384400e+02   1.0000000e+00
  -1.3258054e+00  -9.0189137e-02  -4.5985849e-01   1.0000000e+00   7.3707100e+02   2.3031000e+02   1.0000000e+00
  -1.3097508e+00  -4.7675319e-02  -4.5430178e-01   1.0000000e+00   7.5382200e+02   2.3784400e+02   1.0000000e+00
  -1.3013776e+00  -1.7591834e-02  -4.5196621e-01   1.0000000e+00   7.6563600e+02   2.4175000e+02   1.0000000e+00
  -1.3052150e+00  -8.4210095e-04  -4.5971887e-01   1.0000000e+00   7.7234100e+02   2.4006800e+02   1.0000000e+00
  -1.3116143e+00   2.0506209e-02  -4.7095261e-01   1.0000000e+00   7.8071100e+02   2.3713300e+02   1.0000000e+00
  -1.3111453e+00   5.0342986e-02  -4.8143752e-01   1.0000000e+00   7.9231100e+02   2.3726700e+02   1.0000000e+00
  -1.3022691e+00   7.9321023e-02  -4.9739379e-01   1.0000000e+00   8.0307300e+02   2.4056100e+02   1.0000000e+00
  -1.2895017e+00   9.8802521e-02  -5.2390384e-01   1.0000000e+00   8.0950000e+02   2.4500000e+02   1.0000000e+00
  -1.2711158e+00   1.1249744e-01  -5.6119384e-01   1.0000000e+00   8.1302500e+02   2.5032500e+02   1.0000000e+00
  -1.2466102e+00   1.2225993e-01  -6.0923488e-01   1.0000000e+00   8.1450000e+02   2.5780000e+02   1.0000000e+00
  -1.2157818e+00   1.2869235e-01  -6.6814154e-01   1.0000000e+00   8.1408100e+02   2.6654100e+02   1.0000000e+00
  -1.1783565e+00   1.3074263e-01  -7.3334388e-01   1.0000000e+00   8.1187200e+02   2.7712800e+02   1.0000000e+00
  -1.1400454e+00   1.2451444e-01  -7.9568312e-01   1.0000000e+00   8.0673000e+02   2.8789200e+02   1.0000000e+00
  -1.1105610e+00   1.1149430e-01  -8.3854077e-01   1.0000000e+00   8.0008300e+02   2.9577800e+02   1.0000000e+00
  -1.0897819e+00   9.4589071e-02  -8.6206794e-01   1.0000000e+00   7.9322900e+02   3.0157100e+02   1.0000000e+00
  -1.0749971e+00   7.5094774e-02  -8.7165446e-01   1.0000000e+00   7.8591200e+02   3.0579400e+02   1.0000000e+00
  -1.0650516e+00   5.3213037e-02  -8.6717849e-01   1.0000000e+00   7.7819400e+02   3.0916700e+02   1.0000000e+00
  -1.0581437e+00   2.6201700e-02  -8.4451779e-01   1.0000000e+00   7.6916700e+02   3.1250000e+02   1.0000000e+00
  -1.0534347e+00  -6.9888077e-03  -8.0644101e-01   1.0000000e+00   7.5802800e+02   3.1591700e+02   1.0000000e+00
  -1.0489458e+00  -4.4027627e-02  -7.6019688e-01   1.0000000e+00   7.4551400e+02   3.1974300e+02   1.0000000e+00
  -1.0420535e+00  -8.7018324e-02  -7.1065747e-01   1.0000000e+00   7.3070300e+02   3.2473000e+02   1.0000000e+00
  -1.0339970e+00  -1.4168061e-01  -6.5616215e-01   1.0000000e+00   7.1100000e+02   3.3024400e+02   1.0000000e+00
  -1.0232827e+00  -2.0680201e-01  -5.9735214e-01   1.0000000e+00   6.8700000e+02   3.3724400e+02   1.0000000e+00
  -1.0160296e+00  -2.7643277e-01  -5.4386104e-01   1.0000000e+00   6.6024400e+02   3.4300000e+02   1.0000000e+00
  -1.0134330e+00  -3.3436559e-01  -5.0298338e-01   1.0000000e+00   6.3788400e+02   3.4611600e+02   1.0000000e+00
  -1.0167900e+00  -3.8510664e-01  -4.6845730e-01   1.0000000e+00   6.1771700e+02   3.4678300e+02   1.0000000e+00
  -1.0258256e+00  -4.3050518e-01  -4.3326231e-01   1.0000000e+00   5.9935400e+02   3.4535400e+02   1.0000000e+00
  -1.0388627e+00  -4.7063947e-01  -3.9854326e-01   1.0000000e+00   5.8270800e+02   3.4250000e+02   1.0000000e+00
  -1.0516062e+00  -5.0964930e-01  -3.6259463e-01   1.0000000e+00   5.6597900e+02   3.3983000e+02   1.0000000e+00
  -1.0605108e+00  -5.5141899e-01  -3.2180116e-01   1.0000000e+00   5.4757100e+02   3.3867300e+02   1.0000000e+00
  -1.0611542e+00  -5.9946294e-01  -2.7531473e-01   1.0000000e+00   5.2574000e+02   3.4162000e+02   1.0000000e+00
  -1.0568420e+00  -6.5606090e-01  -2.2609640e-01   1.0000000e+00   4.9985200e+02   3.4650000e+02   1.0000000e+00
  -1.0458938e+00  -7.0996739e-01  -1.7522769e-01   1.0000000e+00   4.7450000e+02   3.5450000e+02   1.0000000e+00
  -1.0347442e+00  -7.6540285e-01  -1.1528128e-01   1.0000000e+00   4.4661100e+02   3.6361100e+02   1.0000000e+00
  -1.0373678e+00  -8.0613270e-01  -4.1475327e-02   1.0000000e+00   4.2258600e+02   3.6889700e+02   1.0000000e+00
  -1.0495149e+00  -8.2944572e-01   3.9070850e-02   1.0000000e+00   4.0442600e+02   3.7100000e+02   1.0000000e+00
  -1.0572167e+00  -8.4148053e-01   1.2226349e-01   1.0000000e+00   3.9000000e+02   3.7581500e+02   1.0000000e+00
  -1.0571479e+00  -8.4045227e-01   2.0808830e-01   1.0000000e+00   3.8038900e+02   3.8481900e+02   1.0000000e+00
  -1.0498072e+00  -8.2803192e-01   2.9805986e-01   1.0000000e+00   3.7544200e+02   3.9866200e+02   1.0000000e+00
  -1.0369210e+00  -8.1071812e-01   3.9329632e-01   1.0000000e+00   3.7188800e+02   4.1731300e+02   1.0000000e+00
  -1.0236831e+00  -7.9158650e-01   4.8982737e-01   1.0000000e+00   3.6894300e+02   4.3748300e+02   1.0000000e+00
  -1.0087254e+00  -7.7219030e-01   5.8705278e-01   1.0000000e+00   3.6592600e+02   4.6024200e+02   1.0000000e+00
  -1.0039882e+00  -7.5589574e-01   6.6626480e-01   1.0000000e+00   3.6327700e+02   4.7630700e+02   1.0000000e+00
  -1.0134599e+00  -7.4029512e-01   7.2865134e-01   1.0000000e+00   3.6237600e+02   4.8241300e+02   1.0000000e+00
  -1.0342106e+00  -7.2227268e-01   7.8100109e-01   1.0000000e+00   3.6412800e+02   4.8055000e+02   1.0000000e+00
  -1.0617223e+00  -7.0251995e-01   8.2062229e-01   1.0000000e+00   3.6875000e+02   4.7238300e+02   1.0000000e+00
  -1.0870648e+00  -6.8358595e-01   8.5160203e-01   1.0000000e+00   3.7465900e+02   4.6331700e+02   1.0000000e+00
  -1.1042285e+00  -6.6805454e-01   8.8327194e-01   1.0000000e+00   3.7889900e+02   4.5910100e+02   1.0000000e+00
  -1.1151961e+00  -6.5333500e-01   9.2094818e-01   1.0000000e+00   3.8184600e+02   4.5957700e+02   1.0000000e+00
  -1.1194341e+00  -6.3130745e-01   9.6717203e-01   1.0000000e+00   3.8850000e+02   4.6621400e+02   1.0000000e+00
  -1.1265527e+00  -5.8788072e-01   1.0205579e+00   1.0000000e+00   4.0912800e+02   4.7359100e+02   1.0000000e+00
  -1.1329905e+00  -5.2296376e-01   1.0660394e+00   1.0000000e+00   4.4748100e+02   4.8076900e+02   1.0000000e+00
  -1.1329292e+00  -4.4537304e-01   1.1035188e+00   1.0000000e+00   4.9876000e+02   4.9159100e+02   1.0000000e+00
  -1.1225624e+00  -3.5836915e-01   1.1306443e+00   1.0000000e+00   5.6033700e+02   5.0807400e+02   1.0000000e+00
  -1.1048370e+00  -2.6785025e-01   1.1481411e+00   1.0000000e+00   6.2747100e+02   5.2835100e+02   1.0000000e+00
  -1.0833615e+00  -1.7615969e-01   1.1561759e+00   1.0000000e+00   6.9612800e+02   5.4884400e+02   1.0000000e+00
  -1.0571792e+00  -9.1292309e-02   1.1548677e+00   1.0000000e+00   7.5956600e+02   5.6968800e+02   1.0000000e+00
  -1.0323404e+00  -1.2408795e-02   1.1500142e+00   1.0000000e+00   8.1755400e+02   5.8812500e+02   1.0000000e+00
  -1.0245765e+00   5.3624332e-02   1.1419207e+00   1.0000000e+00   8.6603000e+02   5.9338900e+02   1.0000000e+00
  -1.0293513e+00   1.1201305e-01   1.1270747e+00   1.0000000e+00   9.0844800e+02   5.8771500e+02   1.0000000e+00
  -1.0375959e+00   1.6616762e-01   1.1084839e+00   1.0000000e+00   9.4687100e+02   5.7851500e+02   1.0000000e+00
  -1.0448863e+00   2.1721370e-01   1.0880243e+00   1.0000000e+00   9.8211200e+02   5.6940600e+02   1.0000000e+00
  -1.0508104e+00   2.6715340e-01   1.0671532e+00   1.0000000e+00   1.0154700e+03   5.6135700e+02   1.0000000e+00
  -1.0596416e+00   3.1602882e-01   1.0502664e+00   1.0000000e+00   1.0484600e+03   5.5240400e+02   1.0000000e+00
  -1.0679379e+00   3.6522643e-01   1.0324353e+00   1.0000000e+00   1.0809700e+03   5.4378300e+02   1.0000000e+00
  -1.0688134e+00   4.1755796e-01   1.0076180e+00   1.0000000e+00   1.1131000e+03   5.3897100e+02   1.0000000e+00
  -1.0698796e+00   4.6788807e-01   9.6143323e-01   1.0000000e+00   1.1375700e+03   5.2859500e+02   1.0000000e+00
  -1.0706875e+00   5.1354095e-01   9.0264687e-01   1.0000000e+00   1.1545500e+03   5.1576600e+02   1.0000000e+00
  -1.0686180e+00   5.5367254e-01   8.3946367e-01   1.0000000e+00   1.1659400e+03   5.0469900e+02   1.0000000e+00
  -1.0637841e+00   5.8813557e-01   7.7424372e-01   1.0000000e+00   1.1723200e+03   4.9528300e+02   1.0000000e+00
  -1.0537865e+00   6.2009106e-01   7.0328617e-01   1.0000000e+00   1.1749500e+03   4.8836800e+02   1.0000000e+00
  -1.0327946e+00   6.5577653e-01   6.2676631e-01   1.0000000e+00   1.1771100e+03   4.8708700e+02   1.0000000e+00
  -9.9962454e-01   6.9584383e-01   5.4576056e-01   1.0000000e+00   1.1795500e+03   4.9162000e+02   1.0000000e+00
  -9.7537986e-01   7.3620644e-01   4.6833419e-01   1.0000000e+00   1.1834100e+03   4.9184800e+02   1.0000000e+00
  -9.7325231e-01   7.6663234e-01   4.1075601e-01   1.0000000e+00   1.1878500e+03   4.8423300e+02   1.0000000e+00
  -9.8859605e-01   7.8861534e-01   3.6183702e-01   1.0000000e+00   1.1911400e+03   4.6954200e+02   1.0000000e+00
  -1.0095394e+00   8.0580673e-01   3.1656988e-01   1.0000000e+00   1.1930000e+03   4.5307300e+02   1.0000000e+00
  -1.0268332e+00   8.2335703e-01   2.7342077e-01   1.0000000e+00   1.1951300e+03   4.3909400e+02   1.0000000e+00
  -1.0343680e+00   8.4307218e-01   2.2921243e-01   1.0000000e+00   1.1971700e+03   4.3003800e+02   1.0000000e+00
  -1.0301318e+00   8.6349459e-01   1.8118408e-01   1.0000000e+00   1.1976000e+03   4.2627700e+02   1.0000000e+00
  -1.0180928e+00   8.8274361e-01   1.2828430e-01   1.0000000e+00   1.1962100e+03   4.2553500e+02   1.0000000e+00
  -1.0099097e+00   8.9793237e-01   7.4462256e-02   1.0000000e+00   1.1926900e+03   4.2276900e+02   1.0000000e+00
  -9.9955402e-01   9.0840523e-01   2.1115903e-02   1.0000000e+00   1.1874300e+03   4.2114300e+02   1.0000000e+00
  -9.8876830e-01   9.1055086e-01  -3.8552273e-02   1.0000000e+00   1.1775500e+03   4.1893500e+02   1.0000000e+00
  -9.8625091e-01   8.9252132e-01  -9.7653920e-02   1.0000000e+00   1.1599600e+03   4.1276900e+02   1.0000000e+00
  -9.8549737e-01   8.5954218e-01  -1.5399316e-01   1.0000000e+00   1.1371200e+03   4.0656000e+02   1.0000000e+00
  -9.8160826e-01   8.1808036e-01  -2.0638411e-01   1.0000000e+00   1.1123500e+03   4.0165200e+02   1.0000000e+00
  -9.7548420e-01   7.6765645e-01  -2.5501239e-01   1.0000000e+00   1.0847300e+03   3.9857700e+02   1.0000000e+00
  -9.6276141e-01   7.0967399e-01  -3.0502771e-01   1.0000000e+00   1.0545000e+03   3.9806700e+02   1.0000000e+00
  -9.3942460e-01   6.4354405e-01  -3.6312941e-01   1.0000000e+00   1.0206700e+03   4.0026700e+02   1.0000000e+00
  -9.0465576e-01   5.6674954e-01  -4.2173128e-01   1.0000000e+00   9.8313000e+02   4.0652200e+02   1.0000000e+00
  -8.2021687e-01   1.4004510e-01  -6.6557969e-01   1.0000000e+00   8.0733300e+02   4.0828600e+02   1.0000000e+00
  -8.4167098e-01   1.2118399e-01  -6.9761850e-01   1.0000000e+00   8.0034600e+02   3.9800000e+02   1.0000000e+00
  -8.7689480e-01   1.1192194e-01  -7.3271314e-01   1.0000000e+00   7.9723300e+02   3.8330000e+02   1.0000000e+00
  -9.2152999e-01   1.0617343e-01  -7.5622758e-01   1.0000000e+00   7.9591700e+02   3.6622200e+02   1.0000000e+00
  -9.5844093e-01   8.9941697e-02  -7.7087063e-01   1.0000000e+00   7.9075700e+02   3.5224300e+02   1.0000000e+00
  -9.8137851e-01   5.5756282e-02  -7.8378182e-01   1.0000000e+00   7.7900000e+02   3.4300000e+02   1.0000000e+00
  -9.9441415e-01   1.1305827e-02  -7.9324506e-01   1.0000000e+00   7.6340500e+02   3.3716200e+02   1.0000000e+00
  -1.0007757e+00  -3.7603302e-02  -7.9698982e-01   1.0000000e+00   7.4640500e+02   3.3416200e+02   1.0000000e+00
  -9.9633500e-01  -8.9828186e-02  -7.9612446e-01   1.0000000e+00   7.2807900e+02   3.3505300e+02   1.0000000e+00
  -9.7833431e-01  -1.5163884e-01  -7.9495858e-01   1.0000000e+00   7.0622900e+02   3.4057100e+02   1.0000000e+00
  -9.4710808e-01  -2.1887389e-01  -7.9089390e-01   1.0000000e+00   6.8231400e+02   3.5068600e+02   1.0000000e+00
  -9.1984100e-01  -2.8716057e-01  -7.8641239e-01   1.0000000e+00   6.5822200e+02   3.5933300e+02   1.0000000e+00
  -9.1003198e-01  -3.4444212e-01  -7.8076139e-01   1.0000000e+00   6.3816700e+02   3.6250000e+02   1.0000000e+00
  -9.0951932e-01  -3.9291554e-01  -7.7240904e-01   1.0000000e+00   6.2122200e+02   3.6266700e+02   1.0000000e+00
  -9.0079883e-01  -4.3966658e-01  -7.6187969e-01   1.0000000e+00   6.0450000e+02   3.6583300e+02   1.0000000e+00
  -8.7501027e-01  -4.8248921e-01  -7.4566452e-01   1.0000000e+00   5.8905300e+02   3.7507900e+02   1.0000000e+00
  -8.4293834e-01  -5.3206778e-01  -7.2704087e-01   1.0000000e+00   5.7100000e+02   3.8700000e+02   1.0000000e+00
  -8.1758593e-01  -5.8839446e-01  -7.0882785e-01   1.0000000e+00   5.5075700e+02   3.9624300e+02   1.0000000e+00
  -8.0072561e-01  -6.5015397e-01  -6.9143034e-01   1.0000000e+00   5.2840500e+02   4.0283800e+02   1.0000000e+00
  -7.8710050e-01  -7.2149019e-01  -6.7116815e-01   1.0000000e+00   5.0257100e+02   4.0822900e+02   1.0000000e+00
  -7.7688659e-01  -7.9949203e-01  -6.4456831e-01   1.0000000e+00   4.7400000e+02   4.1300000e+02   1.0000000e+00
  -7.6433195e-01  -8.5867516e-01  -6.1079547e-01   1.0000000e+00   4.5089700e+02   4.1971800e+02   1.0000000e+00
  -7.4752482e-01  -9.1114979e-01  -5.7032049e-01   1.0000000e+00   4.3000000e+02   4.2875600e+02   1.0000000e+00
  -7.3405591e-01  -9.5911671e-01  -5.2040554e-01   1.0000000e+00   4.0915800e+02   4.3750000e+02   1.0000000e+00
  -7.3059556e-01  -9.9768180e-01  -4.6169683e-01   1.0000000e+00   3.9041000e+02   4.4400000e+02   1.0000000e+00
  -7.3177615e-01  -1.0296688e+00  -3.9205049e-01   1.0000000e+00   3.7226800e+02   4.5043900e+02   1.0000000e+00
  -7.3182215e-01  -1.0546302e+00  -3.1006291e-01   1.0000000e+00   3.5497700e+02   4.5888400e+02   1.0000000e+00
  -7.2465528e-01  -1.0714788e+00  -2.1900448e-01   1.0000000e+00   3.3893300e+02   4.7155600e+02   1.0000000e+00
  -7.0804590e-01  -1.0875213e+00  -1.2388561e-01   1.0000000e+00   3.2200000e+02   4.8900000e+02   1.0000000e+00
  -6.9384996e-01  -1.0997701e+00  -3.5960033e-02   1.0000000e+00   3.0671200e+02   5.0571200e+02   1.0000000e+00
  -6.8738644e-01  -1.1057167e+00   3.7869057e-02   1.0000000e+00   2.9500000e+02   5.1850000e+02   1.0000000e+00
  -6.8391945e-01  -1.1151214e+00   1.0492292e-01   1.0000000e+00   2.8193000e+02   5.2947400e+02   1.0000000e+00
  -6.8694106e-01  -1.1321111e+00   1.6756177e-01   1.0000000e+00   2.6566100e+02   5.3710200e+02   1.0000000e+00
  -6.9644428e-01  -1.1530800e+00   2.2787769e-01   1.0000000e+00   2.4700000e+02   5.4227400e+02   1.0000000e+00
  -7.0619580e-01  -1.1708946e+00   2.8911789e-01   1.0000000e+00   2.2862300e+02   5.4782000e+02   1.0000000e+00
  -7.1419155e-01  -1.1798995e+00   3.4984513e-01   1.0000000e+00   2.1357800e+02   5.5423400e+02   1.0000000e+00
  -7.2395477e-01  -1.1759593e+00   4.0984758e-01   1.0000000e+00   2.0395800e+02   5.6064800e+02   1.0000000e+00
  -7.3951478e-01  -1.1510926e+00   4.6692101e-01   1.0000000e+00   2.0412700e+02   5.6435200e+02   1.0000000e+00
  -7.5170606e-01  -1.1093740e+00   5.2182542e-01   1.0000000e+00   2.1313500e+02   5.6970300e+02   1.0000000e+00
  -7.5697736e-01  -1.0551055e+00   5.7616945e-01   1.0000000e+00   2.2969500e+02   5.7901200e+02   1.0000000e+00
  -7.6046333e-01  -9.8557428e-01   6.2725457e-01   1.0000000e+00   2.5563500e+02   5.8955300e+02   1.0000000e+00
  -7.6003563e-01  -9.0846781e-01   6.7595572e-01   1.0000000e+00   2.8728000e+02   6.0209700e+02   1.0000000e+00
  -7.5191026e-01  -8.3572085e-01   7.2418212e-01   1.0000000e+00   3.1826500e+02   6.1934700e+02   1.0000000e+00
  -7.4454020e-01  -7.7403423e-01   7.7773201e-01   1.0000000e+00   3.4424500e+02   6.3750000e+02   1.0000000e+00
  -7.5327512e-01  -7.2384705e-01   8.2150276e-01   1.0000000e+00   3.6574500e+02   6.4533600e+02   1.0000000e+00
  -7.7405301e-01  -6.8026182e-01   8.5684818e-01   1.0000000e+00   3.8536200e+02   6.4450000e+02   1.0000000e+00
  -7.9751725e-01  -6.4200356e-01   8.9315127e-01   1.0000000e+00   4.0225000e+02   6.4238300e+02   1.0000000e+00
  -8.2068992e-01  -6.1267125e-01   9.3319280e-01   1.0000000e+00   4.1391500e+02   6.4087600e+02   1.0000000e+00
  -8.3992826e-01  -5.9048880e-01   9.7957528e-01   1.0000000e+00   4.2091200e+02   6.4316100e+02   1.0000000e+00
  -8.5204589e-01  -5.7190889e-01   1.0335114e+00   1.0000000e+00   4.2500000e+02   6.5195800e+02   1.0000000e+00
  -8.5616720e-01  -5.5222918e-01   1.0936118e+00   1.0000000e+00   4.2956400e+02   6.6820500e+02   1.0000000e+00
  -8.5654440e-01  -5.3215169e-01   1.1527905e+00   1.0000000e+00   4.3466300e+02   6.8736200e+02   1.0000000e+00
  -8.5910459e-01  -5.0947965e-01   1.2126619e+00   1.0000000e+00   4.4204000e+02   7.0698900e+02   1.0000000e+00
  -8.6611520e-01  -4.8471071e-01   1.2626039e+00   1.0000000e+00   4.5288000e+02   7.2151600e+02   1.0000000e+00
  -8.6922594e-01  -4.5029458e-01   1.3041692e+00   1.0000000e+00   4.7312300e+02   7.3672700e+02   1.0000000e+00
  -8.6213465e-01  -4.0775477e-01   1.3436123e+00   1.0000000e+00   5.0145700e+02   7.5930700e+02   1.0000000e+00
  -8.4854869e-01  -3.5879569e-01   1.3790798e+00   1.0000000e+00   5.3681000e+02   7.8613500e+02   1.0000000e+00
  -8.3391642e-01  -2.9981370e-01   1.4036295e+00   1.0000000e+00   5.8292700e+02   8.1019000e+02   1.0000000e+00
  -7.5609362e-01  -6.1533751e-03   1.4356442e+00   1.0000000e+00   8.2487100e+02   8.9400500e+02   1.0000000e+00
  -7.4596008e-01   6.7664560e-02   1.4231881e+00   1.0000000e+00   8.8446000e+02   8.9770000e+02   1.0000000e+00
  -7.4584525e-01   1.3268559e-01   1.4039328e+00   1.0000000e+00   9.3582300e+02   8.9055000e+02   1.0000000e+00
  -7.4928282e-01   1.9149806e-01   1.3824413e+00   1.0000000e+00   9.8088200e+02   8.7984600e+02   1.0000000e+00
  -7.5788648e-01   2.4539780e-01   1.3567763e+00   1.0000000e+00   1.0206400e+03   8.6365600e+02   1.0000000e+00
  -7.6973523e-01   2.9395614e-01   1.3290626e+00   1.0000000e+00   1.0552200e+03   8.4449200e+02   1.0000000e+00
  -7.8006117e-01   3.3935045e-01   1.3038321e+00   1.0000000e+00   1.0867200e+03   8.2782400e+02   1.0000000e+00
  -7.8428067e-01   3.8565751e-01   1.2822046e+00   1.0000000e+00   1.1181200e+03   8.1712300e+02   1.0000000e+00
  -7.8266827e-01   4.3960822e-01   1.2646069e+00   1.0000000e+00   1.1550000e+03   8.1250000e+02   1.0000000e+00
  -7.8139622e-01   4.9949867e-01   1.2511729e+00   1.0000000e+00   1.1968600e+03   8.0962100e+02   1.0000000e+00
  -7.7793276e-01   5.6300931e-01   1.2369733e+00   1.0000000e+00   1.2402900e+03   8.0821800e+02   1.0000000e+00
  -6.2999912e-01   7.8226586e-01  -6.2069258e-01   1.0000000e+00   1.0322300e+03   4.8759100e+02   1.0000000e+00
  -6.3515512e-01   7.2444659e-01  -6.6564066e-01   1.0000000e+00   1.0081600e+03   4.8028000e+02   1.0000000e+00
  -6.4162202e-01   6.6490250e-01  -7.0249441e-01   1.0000000e+00   9.8478300e+02   4.7334800e+02   1.0000000e+00
  -6.4959878e-01   6.0707030e-01  -7.3145343e-01   1.0000000e+00   9.6292300e+02   4.6715400e+02   1.0000000e+00
  -6.5382297e-01   5.5062700e-01  -7.5876426e-01   1.0000000e+00   9.4192300e+02   4.6215400e+02   1.0000000e+00
  -6.5360800e-01   4.9461815e-01  -7.8727359e-01   1.0000000e+00   9.2096300e+02   4.5859300e+02   1.0000000e+00
  -6.5016617e-01   4.3651766e-01  -8.1994011e-01   1.0000000e+00   8.9934600e+02   4.5584600e+02   1.0000000e+00
  -6.4642185e-01   3.7438353e-01  -8.5471273e-01   1.0000000e+00   8.7660700e+02   4.5282100e+02   1.0000000e+00
  -6.3982913e-01   3.1284906e-01  -8.8276748e-01   1.0000000e+00   8.5480600e+02   4.5154800e+02   1.0000000e+00
  -6.3367828e-01   2.4406479e-01  -9.0764297e-01   1.0000000e+00   8.3100000e+02   4.5006900e+02   1.0000000e+00
  -6.3679575e-01   1.7164031e-01  -9.1585647e-01   1.0000000e+00   8.0700000e+02   4.4750000e+02   1.0000000e+00
  -6.3725235e-01   9.7100309e-02  -9.1194978e-01   1.0000000e+00   7.8261300e+02   4.4667700e+02   1.0000000e+00
  -6.3189247e-01   2.3278908e-02  -8.9916888e-01   1.0000000e+00   7.5850000e+02   4.4850000e+02   1.0000000e+00
  -6.2184744e-01  -5.0116624e-02  -8.7480341e-01   1.0000000e+00   7.3430300e+02   4.5309100e+02   1.0000000e+00
  -6.0874919e-01  -1.2660823e-01  -8.4119851e-01   1.0000000e+00   7.0885300e+02   4.5938200e+02   1.0000000e+00
  -5.9292856e-01  -2.0636644e-01  -8.0668675e-01   1.0000000e+00   6.8200000e+02   4.6673500e+02   1.0000000e+00
  -5.7692397e-01  -2.9065906e-01  -7.7414792e-01   1.0000000e+00   6.5300000e+02   4.7400000e+02   1.0000000e+00
  -5.6251312e-01  -3.6960750e-01  -7.3511518e-01   1.0000000e+00   6.2570600e+02   4.8150000e+02   1.0000000e+00
  -5.6345354e-01  -4.4344252e-01  -6.9094243e-01   1.0000000e+00   5.9940500e+02   4.8483800e+02   1.0000000e+00
  -5.7990753e-01  -5.0296970e-01  -6.5203418e-01   1.0000000e+00   5.7789700e+02   4.8271800e+02   1.0000000e+00
  -5.9445709e-01  -5.5899862e-01  -6.2000445e-01   1.0000000e+00   5.5718400e+02   4.8031600e+02   1.0000000e+00
  -6.0803682e-01  -6.1268291e-01  -5.8953886e-01   1.0000000e+00   5.3702500e+02   4.7832500e+02   1.0000000e+00
  -6.2185258e-01  -6.6341670e-01  -5.5680115e-01   1.0000000e+00   5.1773200e+02   4.7643900e+02   1.0000000e+00
  -6.2661802e-01  -7.1563845e-01  -5.2514751e-01   1.0000000e+00   4.9720000e+02   4.7750000e+02   1.0000000e+00
  -6.2029152e-01  -7.7288445e-01  -4.9569656e-01   1.0000000e+00   4.7524400e+02   4.8200000e+02   1.0000000e+00
  -6.1327265e-01  -8.3123433e-01  -4.6653959e-01   1.0000000e+00   4.5224400e+02   4.8700000e+02   1.0000000e+00
  -6.1208439e-01  -8.8631987e-01  -4.3384023e-01   1.0000000e+00   4.3000000e+02   4.9033300e+02   1.0000000e+00
  -6.2638683e-01  -9.3035024e-01  -3.9324478e-01   1.0000000e+00   4.1064400e+02   4.8917800e+02   1.0000000e+00
  -6.4567602e-01  -9.6280292e-01  -3.4580136e-01   1.0000000e+00   3.9409100e+02   4.8736400e+02   1.0000000e+00
  -6.5798862e-01  -9.9070504e-01  -2.9028665e-01   1.0000000e+00   3.7850000e+02   4.8900000e+02   1.0000000e+00
  -6.6573263e-01  -1.0157082e+00  -2.2648396e-01   1.0000000e+00   3.6252900e+02   4.9356900e+02   1.0000000e+00
  -6.7415852e-01  -1.0362898e+00  -1.5494389e-01   1.0000000e+00   3.4676000e+02   4.9900000e+02   1.0000000e+00
  -6.8813227e-01  -1.0534161e+00  -7.6357793e-02   1.0000000e+00   3.3050000e+02   5.0350000e+02   1.0000000e+00
  -7.0096155e-01  -1.0729458e+00   6.6391733e-03   1.0000000e+00   3.1225900e+02   5.0940700e+02   1.0000000e+00
  -7.0139689e-01  -1.0993339e+00   8.8481335e-02   1.0000000e+00   2.9044100e+02   5.2018600e+02   1.0000000e+00
  -6.9014169e-01  -1.1311133e+00   1.7310334e-01   1.0000000e+00   2.6514500e+02   5.3695200e+02   1.0000000e+00
  -6.9517537e-01  -1.1584717e+00   2.4488209e-01   1.0000000e+00   2.4188500e+02   5.4560700e+02   1.0000000e+00
  -7.1019168e-01  -1.1823229e+00   3.0883861e-01   1.0000000e+00   2.1996900e+02   5.4909200e+02   1.0000000e+00
  -7.2642583e-01  -1.2061650e+00   3.6715397e-01   1.0000000e+00   1.9801500e+02   5.5156700e+02   1.0000000e+00
  -7.4402649e-01  -1.2278952e+00   4.1867606e-01   1.0000000e+00   1.7709000e+02   5.5209000e+02   1.0000000e+00
  -7.5486681e-01  -1.2482830e+00   4.6955390e-01   1.0000000e+00   1.5669400e+02   5.5559700e+02   1.0000000e+00
  -7.5352790e-01  -1.2694379e+00   5.2440330e-01   1.0000000e+00   1.3505600e+02   5.6580600e+02   1.0000000e+00
  -7.5082764e-01  -1.2884421e+00   5.8256263e-01   1.0000000e+00   1.1294700e+02   5.7765300e+02   1.0000000e+00
  -7.4801254e-01  -1.3011313e+00   6.3678215e-01   1.0000000e+00   9.4000000e+01   5.8950000e+02   1.0000000e+00
  -7.4698457e-01  -1.3079680e+00   6.9388878e-01   1.0000000e+00   7.5454500e+01   6.0227300e+02   1.0000000e+00
  -7.5484134e-01  -1.2994689e+00   7.4160868e-01   1.0000000e+00   6.6554200e+01   6.0883100e+02   1.0000000e+00
  -7.5967704e-01  -1.2712837e+00   7.8346451e-01   1.0000000e+00   6.9678600e+01   6.1659500e+02   1.0000000e+00
  -7.6031360e-01  -1.2238668e+00   8.1969326e-01   1.0000000e+00   8.5303400e+01   6.2614600e+02   1.0000000e+00
  -7.5611338e-01  -1.1591143e+00   8.4850980e-01   1.0000000e+00   1.1351600e+02   6.3731900e+02   1.0000000e+00
  -7.4615349e-01  -1.0857274e+00   8.6927999e-01   1.0000000e+00   1.5002100e+02   6.5005200e+02   1.0000000e+00
  -7.3087093e-01  -1.0101568e+00   8.8371850e-01   1.0000000e+00   1.9042700e+02   6.6422900e+02   1.0000000e+00
  -7.1377971e-01  -9.3242968e-01   8.8760218e-01   1.0000000e+00   2.3550000e+02   6.7690200e+02   1.0000000e+00
  -6.9750962e-01  -8.5232798e-01   8.8093071e-01   1.0000000e+00   2.8386000e+02   6.8651000e+02   1.0000000e+00
  -6.9459524e-01  -7.8053723e-01   8.6130776e-01   1.0000000e+00   3.2888000e+02   6.8512000e+02   1.0000000e+00
  -6.9542415e-01  -7.1665869e-01   8.3329019e-01   1.0000000e+00   3.6999000e+02   6.7916500e+02   1.0000000e+00
  -6.9556337e-01  -6.5742661e-01   8.0118620e-01   1.0000000e+00   4.0818200e+02   6.7263600e+02   1.0000000e+00
  -7.0017462e-01  -6.0589384e-01   7.6384754e-01   1.0000000e+00   4.4188000e+02   6.6212000e+02   1.0000000e+00
  -7.0836685e-01  -5.6130371e-01   7.2535532e-01   1.0000000e+00   4.7086000e+02   6.4978000e+02   1.0000000e+00
  -7.1636167e-01  -5.1946596e-01   6.8784682e-01   1.0000000e+00   4.9737400e+02   6.3792900e+02   1.0000000e+00
  -7.2391915e-01  -4.7631778e-01   6.5396682e-01   1.0000000e+00   5.2386700e+02   6.2738800e+02   1.0000000e+00
  -7.3177697e-01  -4.3261770e-01   6.2512861e-01   1.0000000e+00   5.4963200e+02   6.1808400e+02   1.0000000e+00
  -7.3865545e-01  -3.9049871e-01   5.9821781e-01   1.0000000e+00   5.7394700e+02   6.0987200e+02   1.0000000e+00
  -7.4459215e-01  -3.4359829e-01   5.6793334e-01   1.0000000e+00   6.0050000e+02   6.0162200e+02   1.0000000e+00
  -7.5205236e-01  -2.9946296e-01   5.2466865e-01   1.0000000e+00   6.2539100e+02   5.8997700e+02   1.0000000e+00
  -7.5086393e-01  -2.5465013e-01   4.7006743e-01   1.0000000e+00   6.5000000e+02   5.8066300e+02   1.0000000e+00
  -7.4174173e-01  -2.1204857e-01   4.0695485e-01   1.0000000e+00   6.7252500e+02   5.7368800e+02   1.0000000e+00
  -7.2498842e-01  -1.6983690e-01   3.3759658e-01   1.0000000e+00   6.9347400e+02   5.6939500e+02   1.0000000e+00
  -6.9668747e-01  -1.2215953e-01   2.6553719e-01   1.0000000e+00   7.1550000e+02   5.7000000e+02   1.0000000e+00
  -6.6240606e-01  -6.7546945e-02   1.9263500e-01   1.0000000e+00   7.3950000e+02   5.7318200e+02   1.0000000e+00
  -6.3281204e-01  -1.6799453e-02   1.2484533e-01   1.0000000e+00   7.6027900e+02   5.7500000e+02   1.0000000e+00
  -6.1888247e-01   3.6042960e-02   6.3326451e-02   1.0000000e+00   7.8182500e+02   5.7156100e+02   1.0000000e+00
  -6.2372342e-01   9.0054542e-02   1.4443737e-02   1.0000000e+00   8.0386200e+02   5.6270700e+02   1.0000000e+00
  -6.3650234e-01   1.4707832e-01  -2.4173234e-02   1.0000000e+00   8.2722200e+02   5.5270400e+02   1.0000000e+00
  -6.5001346e-01   2.0445568e-01  -5.5037923e-02   1.0000000e+00   8.5058500e+02   5.4367900e+02   1.0000000e+00
  -6.5859553e-01   2.6500997e-01  -8.5429744e-02   1.0000000e+00   8.7478000e+02   5.3716000e+02   1.0000000e+00
  -6.6465698e-01   3.3052538e-01  -1.1687212e-01   1.0000000e+00   9.0052900e+02   5.3143100e+02   1.0000000e+00
  -6.6906576e-01   3.9682843e-01  -1.4500539e-01   1.0000000e+00   9.2628300e+02   5.2682600e+02   1.0000000e+00
  -6.7376454e-01   4.6753922e-01  -1.7165532e-01   1.0000000e+00   9.5337500e+02   5.2258300e+02   1.0000000e+00
  -6.8814362e-01   5.2845462e-01  -2.0248240e-01   1.0000000e+00   9.7628900e+02   5.1391100e+02   1.0000000e+00
  -6.9756880e-01   5.8585717e-01  -2.3925244e-01   1.0000000e+00   9.9666700e+02   5.0655600e+02   1.0000000e+00
  -6.9488892e-01   6.4665728e-01  -2.7537349e-01   1.0000000e+00   1.0172400e+03   5.0400000e+02   1.0000000e+00
  -6.8428215e-01   7.1086819e-01  -3.0977227e-01   1.0000000e+00   1.0385100e+03   5.0459000e+02   1.0000000e+00
  -6.6690296e-01   7.7916590e-01  -3.4333114e-01   1.0000000e+00   1.0605100e+03   5.0784600e+02   1.0000000e+00
  -6.4426875e-01   8.5031399e-01  -3.7533004e-01   1.0000000e+00   1.0829400e+03   5.1319400e+02   1.0000000e+00
  -7.1578422e-01   1.0321256e+00   2.2426505e-01   1.0000000e+00   1.2570800e+03   5.7798000e+02   1.0000000e+00
  -7.1114373e-01   9.6357646e-01   2.4640252e-01   1.0000000e+00   1.2285000e+03   5.8250000e+02   1.0000000e+00
  -7.0477273e-01   8.8318515e-01   2.6334085e-01   1.0000000e+00   1.1931400e+03   5.8662500e+02   1.0000000e+00
  -6.9670533e-01   7.9596289e-01   2.7817763e-01   1.0000000e+00   1.1534200e+03   5.9114500e+02   1.0000000e+00
  -6.8861078e-01   7.0822172e-01   2.9112603e-01   1.0000000e+00   1.1127100e+03   5.9533900e+02   1.0000000e+00
  -6.8141433e-01   6.1962886e-01   3.0638443e-01   1.0000000e+00   1.0720000e+03   5.9950000e+02   1.0000000e+00
  -6.8165732e-01   5.3578362e-01   3.2057130e-01   1.0000000e+00   1.0331300e+03   6.0043300e+02   1.0000000e+00
  -6.8938714e-01   4.6216958e-01   3.3070775e-01   1.0000000e+00   9.9924200e+02   5.9741900e+02   1.0000000e+00
  -6.9320448e-01   3.9796295e-01   3.4363557e-01   1.0000000e+00   9.6962700e+02   5.9677600e+02   1.0000000e+00
  -6.9238507e-01   3.3922087e-01   3.6503509e-01   1.0000000e+00   9.4297100e+02   6.0005900e+02   1.0000000e+00
  -6.9328754e-01   2.8770068e-01   3.9475262e-01   1.0000000e+00   9.1994400e+02   6.0433800e+02   1.0000000e+00
  -6.9318860e-01   2.3804390e-01   4.3255719e-01   1.0000000e+00   8.9800000e+02   6.1100000e+02   1.0000000e+00
  -6.9311671e-01   1.8522400e-01   4.7330605e-01   1.0000000e+00   8.7410700e+02   6.1837300e+02   1.0000000e+00
  -6.9461281e-01   1.2849174e-01   5.1423785e-01   1.0000000e+00   8.4750000e+02   6.2500000e+02   1.0000000e+00
  -6.8901312e-01   7.0765304e-02   5.5512931e-01   1.0000000e+00   8.1900000e+02   6.3546400e+02   1.0000000e+00
  -6.8614327e-01   1.0076854e-02   5.9161755e-01   1.0000000e+00   7.8805700e+02   6.4368200e+02   1.0000000e+00
  -6.9153091e-01  -5.3171766e-02   6.1863302e-01   1.0000000e+00   7.5486500e+02   6.4577500e+02   1.0000000e+00
  -7.0021056e-01  -1.2004132e-01   6.3899295e-01   1.0000000e+00   7.1895700e+02   6.4481700e+02   1.0000000e+00
  -7.1222772e-01  -1.8804256e-01   6.5652015e-01   1.0000000e+00   6.8194700e+02   6.4112800e+02   1.0000000e+00
  -7.2349523e-01  -2.5767508e-01   6.7837967e-01   1.0000000e+00   6.4311500e+02   6.3888500e+02   1.0000000e+00
  -7.3050859e-01  -3.3127730e-01   7.0457967e-01   1.0000000e+00   6.0103100e+02   6.3976500e+02   1.0000000e+00
  -7.3884377e-01  -4.1200000e-01   7.3433684e-01   1.0000000e+00   5.5395100e+02   6.4047600e+02   1.0000000e+00
  -7.4835462e-01  -4.8875843e-01   7.6082132e-01   1.0000000e+00   5.0817500e+02   6.3988300e+02   1.0000000e+00
  -7.5834916e-01  -5.6206390e-01   7.9035630e-01   1.0000000e+00   4.6300000e+02   6.3976700e+02   1.0000000e+00
  -7.6990117e-01  -6.2414019e-01   8.2694616e-01   1.0000000e+00   4.2250000e+02   6.4100000e+02   1.0000000e+00
  -7.7935308e-01  -6.7698087e-01   8.7087514e-01   1.0000000e+00   3.8496500e+02   6.4546000e+02   1.0000000e+00
  -7.8908794e-01  -7.2479251e-01   9.2008821e-01   1.0000000e+00   3.4841500e+02   6.5165300e+02   1.0000000e+00
  -7.9774027e-01  -7.7021703e-01   9.7587390e-01   1.0000000e+00   3.1031100e+02   6.6055700e+02   1.0000000e+00
  -7.9675232e-01  -8.1497805e-01   1.0388627e+00   1.0000000e+00   2.6924600e+02   6.7795400e+02   1.0000000e+00
  -7.8513755e-01  -8.6001332e-01   1.1087575e+00   1.0000000e+00   2.2483000e+02   7.0470400e+02   1.0000000e+00
  -7.6914410e-01  -8.9630985e-01   1.1738480e+00   1.0000000e+00   1.8497900e+02   7.3457900e+02   1.0000000e+00
  -7.6842226e-01  -9.2981695e-01   1.2325943e+00   1.0000000e+00   1.4504100e+02   7.5452400e+02   1.0000000e+00
  -7.8507128e-01  -9.6380462e-01   1.2780719e+00   1.0000000e+00   1.0530400e+02   7.5945300e+02   1.0000000e+00
  -8.0422690e-01  -9.9601558e-01   1.3184342e+00   1.0000000e+00   6.6342100e+01   7.6109200e+02   1.0000000e+00
  -8.2115596e-01  -1.0218573e+00   1.3572542e+00   1.0000000e+00   3.0817000e+01   7.6411100e+02   1.0000000e+00
  -8.2826981e-01  -1.0393046e+00   1.3917686e+00   1.0000000e+00   3.5855900e+00   7.7246800e+02   1.0000000e+00
  -8.3790760e-01  -9.7422184e-01   1.5068848e+00   1.0000000e+00   2.5814000e+00   8.2079100e+02   1.0000000e+00
  -8.4813631e-01  -9.1178452e-01   1.5205251e+00   1.0000000e+00   4.4792700e+01   8.2332600e+02   1.0000000e+00
  -8.5242001e-01  -8.3302449e-01   1.5210206e+00   1.0000000e+00   1.0951800e+02   8.2508000e+02   1.0000000e+00
  -8.4547201e-01  -7.4545076e-01   1.5133034e+00   1.0000000e+00   1.8668300e+02   8.3157600e+02   1.0000000e+00
  -8.2388647e-01  -6.5208701e-01   1.5043193e+00   1.0000000e+00   2.7023500e+02   8.4824000e+02   1.0000000e+00
  -7.9097627e-01  -5.5423150e-01   1.4933572e+00   1.0000000e+00   3.5771100e+02   8.7179900e+02   1.0000000e+00
  -7.5237847e-01  -2.2427560e-01   1.3961415e+00   1.0000000e+00   6.4381900e+02   8.6678200e+02   1.0000000e+00
  -7.6127154e-01  -1.6632957e-01   1.3590044e+00   1.0000000e+00   6.9140800e+02   8.4606800e+02   1.0000000e+00
  -7.6999590e-01  -1.1507942e-01   1.3274477e+00   1.0000000e+00   7.3200000e+02   8.2803200e+02   1.0000000e+00
  -7.7674427e-01  -6.6867793e-02   1.3021414e+00   1.0000000e+00   7.6919500e+02   8.1434600e+02   1.0000000e+00
  -7.8528959e-01  -1.9051947e-02   1.2777896e+00   1.0000000e+00   8.0535000e+02   8.0015800e+02   1.0000000e+00
  -7.9556217e-01   3.0335860e-02   1.2529742e+00   1.0000000e+00   8.4203900e+02   7.8501700e+02   1.0000000e+00
  -8.0127538e-01   8.2174898e-02   1.2294019e+00   1.0000000e+00   8.7933100e+02   7.7366300e+02   1.0000000e+00
  -8.0205549e-01   1.3357795e-01   1.2062105e+00   1.0000000e+00   9.1520400e+02   7.6587700e+02   1.0000000e+00
  -7.9547622e-01   1.9000019e-01   1.1838571e+00   1.0000000e+00   9.5323900e+02   7.6339400e+02   1.0000000e+00
  -7.9549636e-01   2.4181076e-01   1.1510596e+00   1.0000000e+00   9.8592300e+02   7.5271300e+02   1.0000000e+00
  -7.9036463e-01   2.9519561e-01   1.1055529e+00   1.0000000e+00   1.0158200e+03   7.4095500e+02   1.0000000e+00
  -7.7825708e-01   3.4958798e-01   1.0522360e+00   1.0000000e+00   1.0428100e+03   7.3153700e+02   1.0000000e+00
  -7.6199662e-01   4.0608965e-01   9.9266850e-01   1.0000000e+00   1.0681500e+03   7.2323500e+02   1.0000000e+00
  -7.4316993e-01   4.6466470e-01   9.3114610e-01   1.0000000e+00   1.0926200e+03   7.1605800e+02   1.0000000e+00
  -7.2275783e-01   5.2116747e-01   8.7187505e-01   1.0000000e+00   1.1142700e+03   7.1097900e+02   1.0000000e+00
  -7.0137012e-01   5.7903428e-01   8.1445675e-01   1.0000000e+00   1.1357900e+03   7.0719000e+02   1.0000000e+00
  -7.0337995e-01   6.3386063e-01   7.7329289e-01   1.0000000e+00   1.1601000e+03   6.9603700e+02   1.0000000e+00
  -7.1587158e-01   6.9110087e-01   7.4571711e-01   1.0000000e+00   1.1891000e+03   6.8354400e+02   1.0000000e+00
  -7.3381976e-01   7.4892959e-01   7.2342688e-01   1.0000000e+00   1.2194800e+03   6.6990100e+02   1.0000000e+00
  -7.5727840e-01   8.0587992e-01   7.0072362e-01   1.0000000e+00   1.2496700e+03   6.5322200e+02   1.0000000e+00
  -1.2788564e+00   5.0720283e-01  -9.6788640e-01   1.0000000e+00   9.3700000e+02   2.3550000e+02   1.0000000e+00
  -1.2864994e+00   4.3090003e-01  -9.4619498e-01   1.0000000e+00   9.1250000e+02   2.3250000e+02   1.0000000e+00
  -1.2955725e+00   3.5983672e-01  -9.2976906e-01   1.0000000e+00   8.8887900e+02   2.2912100e+02   1.0000000e+00
  -1.3036371e+00   2.9675899e-01  -9.2221321e-01   1.0000000e+00   8.6742400e+02   2.2557600e+02   1.0000000e+00
  -1.3047423e+00   2.3729411e-01  -9.2355439e-01   1.0000000e+00   8.4650000e+02   2.2450000e+02   1.0000000e+00
  -1.2977225e+00   1.7695337e-01  -9.3020094e-01   1.0000000e+00   8.2500000e+02   2.2600000e+02   1.0000000e+00
  -1.2894480e+00   1.1061630e-01  -9.3400234e-01   1.0000000e+00   8.0162900e+02   2.2814300e+02   1.0000000e+00
  -1.2906488e+00   4.5066374e-02  -9.3343400e-01   1.0000000e+00   7.7897200e+02   2.2691700e+02   1.0000000e+00
  -1.2948040e+00  -1.5693827e-02  -9.2854445e-01   1.0000000e+00   7.5797200e+02   2.2491700e+02   1.0000000e+00
  -1.3006807e+00  -6.9936678e-02  -9.1147532e-01   1.0000000e+00   7.3931400e+02   2.2268600e+02   1.0000000e+00
  -1.3070840e+00  -1.1526771e-01  -8.9009476e-01   1.0000000e+00   7.2397200e+02   2.2091700e+02   1.0000000e+00
  -1.3085645e+00  -1.6502898e-01  -8.6651915e-01   1.0000000e+00   7.0632400e+02   2.2058800e+02   1.0000000e+00
  -1.3044667e+00  -2.2206682e-01  -8.3599845e-01   1.0000000e+00   6.8608100e+02   2.2254100e+02   1.0000000e+00
  -1.2970812e+00  -2.8335757e-01  -7.9516974e-01   1.0000000e+00   6.6387200e+02   2.2612800e+02   1.0000000e+00
  -1.2950442e+00  -3.4483166e-01  -7.4522586e-01   1.0000000e+00   6.4092500e+02   2.2805000e+02   1.0000000e+00
  -1.3023054e+00  -4.0440183e-01  -6.9002335e-01   1.0000000e+00   6.1800000e+02   2.2675600e+02   1.0000000e+00
  -1.3096484e+00  -4.6090653e-01  -6.3867061e-01   1.0000000e+00   5.9580000e+02   2.2520000e+02   1.0000000e+00
  -1.3207017e+00  -5.1703668e-01  -5.9580355e-01   1.0000000e+00   5.7311600e+02   2.2211600e+02   1.0000000e+00
  -1.3330281e+00  -5.6950316e-01  -5.6363159e-01   1.0000000e+00   5.5211600e+02   2.1811600e+02   1.0000000e+00
  -1.3404598e+00  -6.2245306e-01  -5.3263097e-01   1.0000000e+00   5.3027900e+02   2.1607000e+02   1.0000000e+00
  -1.3412378e+00  -6.7907561e-01  -5.0004440e-01   1.0000000e+00   5.0678300e+02   2.1656500e+02   1.0000000e+00
  -1.3384245e+00  -7.3756980e-01  -4.6484113e-01   1.0000000e+00   4.8186700e+02   2.1855600e+02   1.0000000e+00
  -1.3407427e+00  -7.9285603e-01  -4.2716638e-01   1.0000000e+00   4.5788600e+02   2.1879500e+02   1.0000000e+00
  -1.3522927e+00  -8.4014409e-01  -3.9344121e-01   1.0000000e+00   4.3670200e+02   2.1504300e+02   1.0000000e+00
  -1.3614469e+00  -8.7986937e-01  -3.6050086e-01   1.0000000e+00   4.1808700e+02   2.1200000e+02   1.0000000e+00
  -1.3678564e+00  -9.1306708e-01  -3.1670490e-01   1.0000000e+00   4.0006300e+02   2.1016700e+02   1.0000000e+00
  -1.3725353e+00  -9.3513347e-01  -2.6887321e-01   1.0000000e+00   3.8631400e+02   2.0978400e+02   1.0000000e+00
  -1.3748124e+00  -9.5108306e-01  -2.1901716e-01   1.0000000e+00   3.7445300e+02   2.1056600e+02   1.0000000e+00
  -1.3753437e+00  -9.6509911e-01  -1.6496876e-01   1.0000000e+00   3.6261100e+02   2.1238900e+02   1.0000000e+00
  -1.3751104e+00  -9.7449240e-01  -1.0581773e-01   1.0000000e+00   3.5161400e+02   2.1470200e+02   1.0000000e+00
  -1.3786571e+00  -9.7878698e-01  -3.6985216e-02   1.0000000e+00   3.4135100e+02   2.1608800e+02   1.0000000e+00
  -1.3797188e+00  -9.7701631e-01   2.9281306e-02   1.0000000e+00   3.3339000e+02   2.1847500e+02   1.0000000e+00
  -1.3828234e+00  -9.7064783e-01   1.5692797e-01   1.0000000e+00   3.1811600e+02   2.2258000e+02   1.0000000e+00
  -1.3901292e+00  -9.7003756e-01   2.1723202e-01   1.0000000e+00   3.0921100e+02   2.2228200e+02   1.0000000e+00
  -1.3957468e+00  -9.7199758e-01   2.7899905e-01   1.0000000e+00   2.9856000e+02   2.2297300e+02   1.0000000e+00
  -1.3978534e+00  -9.7627022e-01   3.4716835e-01   1.0000000e+00   2.8515200e+02   2.2555700e+02   1.0000000e+00
  -1.3995145e+00  -9.7886166e-01   4.2122815e-01   1.0000000e+00   2.7086000e+02   2.2917400e+02   1.0000000e+00
  -1.4080651e+00  -9.7652318e-01   4.9651360e-01   1.0000000e+00   2.5823700e+02   2.2962400e+02   1.0000000e+00
  -1.4188916e+00  -9.6610662e-01   6.2290921e-01   1.0000000e+00   2.3745200e+02   2.3017300e+02   1.0000000e+00
  -1.4210696e+00  -9.4556002e-01   6.8356922e-01   1.0000000e+00   2.3592500e+02   2.3292500e+02   1.0000000e+00
  -1.4199516e+00  -9.1720774e-01   7.3434491e-01   1.0000000e+00   2.4145300e+02   2.3738500e+02   1.0000000e+00
  -1.4176075e+00  -8.7945005e-01   7.7846720e-01   1.0000000e+00   2.5470200e+02   2.4249600e+02   1.0000000e+00
  -1.4177700e+00  -8.3486832e-01   8.1530768e-01   1.0000000e+00   2.7446700e+02   2.4565600e+02   1.0000000e+00
  -1.4189846e+00  -7.8596060e-01   8.4997691e-01   1.0000000e+00   2.9838200e+02   2.4813700e+02   1.0000000e+00
  -1.4229524e+00  -7.2695230e-01   8.8721548e-01   1.0000000e+00   3.2932800e+02   2.4934300e+02   1.0000000e+00
  -1.4249139e+00  -6.6927292e-01   9.1733649e-01   1.0000000e+00   3.6242000e+02   2.5137100e+02   1.0000000e+00
  -1.4274008e+00  -6.1396538e-01   9.4592731e-01   1.0000000e+00   3.9563500e+02   2.5311500e+02   1.0000000e+00
  -1.4325281e+00  -5.6176816e-01   9.7389815e-01   1.0000000e+00   4.2768200e+02   2.5274700e+02   1.0000000e+00
  -1.4394712e+00  -5.1319809e-01   1.0003674e+00   1.0000000e+00   4.5876700e+02   2.5092500e+02   1.0000000e+00
  -1.4432699e+00  -4.6143316e-01   1.0279976e+00   1.0000000e+00   4.9342100e+02   2.5162200e+02   1.0000000e+00
  -1.4436318e+00  -4.0635495e-01   1.0567609e+00   1.0000000e+00   5.3158200e+02   2.5519400e+02   1.0000000e+00
  -1.4421203e+00  -3.5102386e-01   1.0865448e+00   1.0000000e+00   5.7159100e+02   2.6061400e+02   1.0000000e+00
  -1.4400074e+00  -2.9161368e-01   1.1156398e+00   1.0000000e+00   6.1653600e+02   2.6671300e+02   1.0000000e+00
  -1.4473076e+00  -2.2750161e-01   1.1380979e+00   1.0000000e+00   6.6747900e+02   2.6492500e+02   1.0000000e+00
  -1.4540599e+00  -1.7573648e-01   1.1596500e+00   1.0000000e+00   7.0996300e+02   2.6310200e+02   1.0000000e+00
  -1.4535534e+00  -1.1692399e-01   1.1731343e+00   1.0000000e+00   7.5926700e+02   2.6668700e+02   1.0000000e+00
  -1.4516379e+00  -5.7107498e-02   1.1729923e+00   1.0000000e+00   8.0932100e+02   2.6992300e+02   1.0000000e+00
  -1.4497192e+00  -6.3702630e-03   1.1606501e+00   1.0000000e+00   8.5066500e+02   2.7164900e+02   1.0000000e+00
  -1.4445422e+00   4.1856025e-02   1.1413702e+00   1.0000000e+00   8.8800000e+02   2.7508400e+02   1.0000000e+00
  -1.4383741e+00   8.9120335e-02   1.1161756e+00   1.0000000e+00   9.2279900e+02   2.7854400e+02   1.0000000e+00
  -1.4346723e+00   1.3482268e-01   1.0852778e+00   1.0000000e+00   9.5449700e+02   2.7935000e+02   1.0000000e+00
  -1.4367908e+00   1.8029681e-01   1.0435989e+00   1.0000000e+00   9.8348000e+02   2.7442100e+02   1.0000000e+00
  -1.4350587e+00   2.2167264e-01   1.0001844e+00   1.0000000e+00   1.0073700e+03   2.7220000e+02   1.0000000e+00
  -1.4332330e+00   2.6710853e-01   9.5739502e-01   1.0000000e+00   1.0331000e+03   2.7039700e+02   1.0000000e+00
  -1.4345451e+00   3.1254734e-01   9.2339512e-01   1.0000000e+00   1.0596200e+03   2.6741300e+02   1.0000000e+00
  -1.4335143e+00   3.6122311e-01   8.9491729e-01   1.0000000e+00   1.0884200e+03   2.6674400e+02   1.0000000e+00
  -1.4272579e+00   4.1598260e-01   8.6723123e-01   1.0000000e+00   1.1202500e+03   2.7009900e+02   1.0000000e+00
  -1.4197070e+00   4.7509369e-01   8.4063028e-01   1.0000000e+00   1.1541000e+03   2.7436800e+02   1.0000000e+00
  -1.4137494e+00   5.3581135e-01   8.1679292e-01   1.0000000e+00   1.1888400e+03   2.7783200e+02   1.0000000e+00
  -1.4132110e+00   6.0062464e-01   7.9015553e-01   1.0000000e+00   1.2257900e+03   2.7678700e+02   1.0000000e+00
  -1.4231674e+00   6.6499917e-01   7.6427842e-01   1.0000000e+00   1.2624800e+03   2.6972200e+02   1.0000000e+00
  -1.3541565e+00   7.3476806e-01  -1.8926735e-01   1.0000000e+00   1.1033500e+03   2.4422900e+02   1.0000000e+00
  -1.3640603e+00   6.7498343e-01  -2.0821798e-01   1.0000000e+00   1.0753800e+03   2.3790000e+02   1.0000000e+00
  -1.3692368e+00   6.1216100e-01  -2.1817844e-01   1.0000000e+00   1.0472700e+03   2.3340000e+02   1.0000000e+00
  -1.3724259e+00   5.4773154e-01  -2.1399018e-01   1.0000000e+00   1.0196900e+03   2.3106100e+02   1.0000000e+00
  -1.3725291e+00   4.8970955e-01  -1.9740879e-01   1.0000000e+00   9.9616300e+02   2.3100000e+02   1.0000000e+00
  -1.3692302e+00   4.3402713e-01  -1.7196537e-01   1.0000000e+00   9.7368000e+02   2.3284000e+02   1.0000000e+00
  -1.3663237e+00   3.7873049e-01  -1.3803848e-01   1.0000000e+00   9.5201800e+02   2.3485500e+02   1.0000000e+00
  -1.3662560e+00   3.2534212e-01  -9.7055847e-02   1.0000000e+00   9.3143400e+02   2.3605700e+02   1.0000000e+00
  -1.3738616e+00   2.7335865e-01  -4.9702964e-02   1.0000000e+00   9.1152700e+02   2.3378200e+02   1.0000000e+00
  -1.3831200e+00   2.2191374e-01  -3.1774521e-03   1.0000000e+00   8.9135000e+02   2.3038300e+02   1.0000000e+00
  -1.3930834e+00   1.6709638e-01   4.2383434e-02   1.0000000e+00   8.6888700e+02   2.2759700e+02   1.0000000e+00
  -1.4002739e+00   1.0697915e-01   8.8785418e-02   1.0000000e+00   8.4264100e+02   2.2539100e+02   1.0000000e+00
  -1.4075877e+00   4.6161936e-02   1.2780369e-01   1.0000000e+00   8.1500000e+02   2.2468800e+02   1.0000000e+00
  -1.4009524e+00  -1.4577412e-02   1.7195168e-01   1.0000000e+00   7.8610400e+02   2.2700000e+02   1.0000000e+00
  -1.3937270e+00  -7.7915089e-02   2.1248754e-01   1.0000000e+00   7.5492500e+02   2.3171600e+02   1.0000000e+00
  -1.3849753e+00  -1.4075642e-01   2.5202704e-01   1.0000000e+00   7.2298600e+02   2.3677100e+02   1.0000000e+00
  -1.3864405e+00  -2.0733084e-01   2.9039676e-01   1.0000000e+00   6.8845700e+02   2.3685700e+02   1.0000000e+00
  -1.3958693e+00  -2.6921303e-01   3.2606147e-01   1.0000000e+00   6.5565200e+02   2.3369600e+02   1.0000000e+00
  -1.4052923e+00  -3.3180964e-01   3.6398258e-01   1.0000000e+00   6.2148600e+02   2.2964300e+02   1.0000000e+00
  -1.4175977e+00  -3.9242508e-01   4.0852264e-01   1.0000000e+00   5.8669000e+02   2.2459200e+02   1.0000000e+00
  -1.4261389e+00  -4.4682295e-01   4.5381955e-01   1.0000000e+00   5.5417500e+02   2.2142500e+02   1.0000000e+00
  -1.4272761e+00  -4.9944690e-01   4.9675323e-01   1.0000000e+00   5.2117600e+02   2.2212900e+02   1.0000000e+00
  -1.4239907e+00  -5.5170630e-01   5.3649126e-01   1.0000000e+00   4.8804400e+02   2.2593400e+02   1.0000000e+00
  -1.4167990e+00  -6.0557723e-01   5.7748411e-01   1.0000000e+00   4.5294700e+02   2.3152600e+02   1.0000000e+00
  -1.4222037e+00  -6.6094004e-01   6.1418057e-01   1.0000000e+00   4.1585300e+02   2.3069500e+02   1.0000000e+00
  -1.4350266e+00  -7.1115133e-01   6.4589275e-01   1.0000000e+00   3.8181800e+02   2.2422200e+02   1.0000000e+00
  -1.4472019e+00  -7.5850710e-01   6.6247531e-01   1.0000000e+00   3.4994100e+02   2.1697000e+02   1.0000000e+00
  -1.4523046e+00  -8.0056092e-01   6.6614334e-01   1.0000000e+00   3.2414900e+02   2.1358400e+02   1.0000000e+00
  -1.4258790e+00  -9.6880834e-01   4.3663976e-01   1.0000000e+00   2.7242200e+02   2.1555400e+02   1.0000000e+00
  -1.4227642e+00  -9.8041819e-01   3.9954470e-01   1.0000000e+00   2.7300000e+02   2.1461800e+02   1.0000000e+00
  -1.4178498e+00  -9.9118303e-01   3.5587660e-01   1.0000000e+00   2.7538500e+02   2.1487200e+02   1.0000000e+00
  -1.4122633e+00  -1.0027492e+00   3.0728019e-01   1.0000000e+00   2.7800000e+02   2.1500000e+02   1.0000000e+00
  -1.4130761e+00  -1.0165216e+00   2.5290623e-01   1.0000000e+00   2.8070200e+02   2.1220900e+02   1.0000000e+00
  -1.4124652e+00  -1.0278654e+00   2.0028159e-01   1.0000000e+00   2.8388100e+02   2.1000000e+02   1.0000000e+00
  -1.4118718e+00  -1.0322857e+00   1.4192600e-01   1.0000000e+00   2.9101600e+02   2.0775000e+02   1.0000000e+00
  -1.4114390e+00  -1.0280577e+00   7.8613699e-02   1.0000000e+00   3.0255900e+02   2.0518600e+02   1.0000000e+00
  -1.4042540e+00  -1.0152372e+00   2.1704349e-02   1.0000000e+00   3.1666700e+02   2.0643900e+02   1.0000000e+00
  -1.3773022e+00  -9.6817501e-01  -9.1783307e-02   1.0000000e+00   3.5261100e+02   2.1438900e+02   1.0000000e+00
  -1.3658863e+00  -9.3609487e-01  -1.5367061e-01   1.0000000e+00   3.7425900e+02   2.1753700e+02   1.0000000e+00
  -1.3572795e+00  -8.9928574e-01  -2.1859401e-01   1.0000000e+00   3.9669400e+02   2.1906100e+02   1.0000000e+00
  -1.3514715e+00  -8.6238089e-01  -2.8573237e-01   1.0000000e+00   4.1825000e+02   2.1900000e+02   1.0000000e+00
  -1.3414206e+00  -8.2749011e-01  -3.5285630e-01   1.0000000e+00   4.3822900e+02   2.2091700e+02   1.0000000e+00
  -1.3276715e+00  -7.9872101e-01  -4.2523238e-01   1.0000000e+00   4.5550000e+02   2.2387000e+02   1.0000000e+00
  -1.3099816e+00  -7.8157713e-01  -5.0019981e-01   1.0000000e+00   4.6788400e+02   2.2788400e+02   1.0000000e+00
  -1.2846023e+00  -7.7443039e-01  -5.7507553e-01   1.0000000e+00   4.7600000e+02   2.3475600e+02   1.0000000e+00
  -1.2118193e+00  -7.7807236e-01  -7.3068072e-01   1.0000000e+00   4.8470600e+02   2.5450000e+02   1.0000000e+00
  -1.1766589e+00  -7.8342371e-01  -8.0706572e-01   1.0000000e+00   4.8750000e+02   2.6350000e+02   1.0000000e+00
  -1.1474220e+00  -7.8570926e-01  -8.7275310e-01   1.0000000e+00   4.9050000e+02   2.7050000e+02   1.0000000e+00
  -1.1255026e+00  -7.8006716e-01  -9.2798860e-01   1.0000000e+00   4.9550000e+02   2.7550000e+02   1.0000000e+00
  -1.1145330e+00  -7.6611267e-01  -9.7346093e-01   1.0000000e+00   5.0266700e+02   2.7680000e+02   1.0000000e+00
  -1.1154131e+00  -7.4358365e-01  -1.0032552e+00   1.0000000e+00   5.1154800e+02   2.7541900e+02   1.0000000e+00
  -1.1258983e+00  -7.0897821e-01  -1.0171903e+00   1.0000000e+00   5.2350000e+02   2.7150000e+02   1.0000000e+00
  -1.1417816e+00  -6.6038482e-01  -1.0187311e+00   1.0000000e+00   5.3950000e+02   2.6666700e+02   1.0000000e+00
  -1.1574113e+00  -6.0033308e-01  -1.0135183e+00   1.0000000e+00   5.5907100e+02   2.6214300e+02   1.0000000e+00
  -1.1672896e+00  -5.3391953e-01  -1.0076264e+00   1.0000000e+00   5.8077800e+02   2.5985200e+02   1.0000000e+00
  -1.1735841e+00  -4.6073651e-01  -1.0017368e+00   1.0000000e+00   6.0463600e+02   2.5831800e+02   1.0000000e+00
  -1.2182729e+00  -2.3422269e-01  -9.6378337e-01   1.0000000e+00   6.8090900e+02   2.4731800e+02   1.0000000e+00
  -1.2364942e+00  -1.6095598e-01  -9.3843185e-01   1.0000000e+00   7.0644000e+02   2.4292000e+02   1.0000000e+00
  -1.2503505e+00  -8.9016901e-02  -9.0579410e-01   1.0000000e+00   7.3160000e+02   2.4036000e+02   1.0000000e+00
  -1.2603474e+00  -1.8980650e-02  -8.6363155e-01   1.0000000e+00   7.5693900e+02   2.3966700e+02   1.0000000e+00
  -1.2624400e+00   4.6514965e-02  -8.1112618e-01   1.0000000e+00   7.8121200e+02   2.4190900e+02   1.0000000e+00
  -1.2553236e+00   1.0185355e-01  -7.5234863e-01   1.0000000e+00   8.0278400e+02   2.4767600e+02   1.0000000e+00
  -1.2450552e+00   1.3945114e-01  -6.9478858e-01   1.0000000e+00   8.1800000e+02   2.5450000e+02   1.0000000e+00
  -1.2388997e+00   1.5235473e-01  -6.4535484e-01   1.0000000e+00   8.2431600e+02   2.5918400e+02   1.0000000e+00
  -1.2333238e+00   1.5686561e-01  -6.0284978e-01   1.0000000e+00   8.2750000e+02   2.6380000e+02   1.0000000e+00
  -1.2181108e+00   1.6794803e-01  -5.6248669e-01   1.0000000e+00   8.3300000e+02   2.7175600e+02   1.0000000e+00
  -1.1955203e+00   1.8274812e-01  -5.2287958e-01   1.0000000e+00   8.3940900e+02   2.8261400e+02   1.0000000e+00
  -1.1726812e+00   1.9952828e-01  -4.8052480e-01   1.0000000e+00   8.4707100e+02   2.9419000e+02   1.0000000e+00
  -1.1442031e+00   2.1801521e-01  -4.2761985e-01   1.0000000e+00   8.5600000e+02   3.0900000e+02   1.0000000e+00
  -1.1084172e+00   2.4343965e-01  -3.7885842e-01   1.0000000e+00   8.6725000e+02   3.2700000e+02   1.0000000e+00
  -1.0656596e+00   2.7505185e-01  -3.3810239e-01   1.0000000e+00   8.8057100e+02   3.4767300e+02   1.0000000e+00
  -1.0237271e+00   3.0524120e-01  -2.9545208e-01   1.0000000e+00   8.9367300e+02   3.6857100e+02   1.0000000e+00
  -9.8995334e-01   3.3996131e-01  -2.4305233e-01   1.0000000e+00   9.1018000e+02   3.8762000e+02   1.0000000e+00
  -9.6630633e-01   3.8412269e-01  -1.7773374e-01   1.0000000e+00   9.3211500e+02   4.0442300e+02   1.0000000e+00
  -9.5612025e-01   4.3572335e-01  -1.0796865e-01   1.0000000e+00   9.5938900e+02   4.1690700e+02   1.0000000e+00
  -9.5397538e-01   4.9039393e-01  -3.6757449e-02   1.0000000e+00   9.8956400e+02   4.2696400e+02   1.0000000e+00
  -9.5451465e-01   5.4654500e-01   3.2900372e-02   1.0000000e+00   1.0223500e+03   4.3611700e+02   1.0000000e+00
  -9.5927753e-01   5.9511624e-01   9.4032970e-02   1.0000000e+00   1.0520600e+03   4.4275800e+02   1.0000000e+00
  -9.6914742e-01   6.3455003e-01   1.4601528e-01   1.0000000e+00   1.0780600e+03   4.4603000e+02   1.0000000e+00
  -9.8243989e-01   6.6395172e-01   1.8901228e-01   1.0000000e+00   1.0992500e+03   4.4628100e+02   1.0000000e+00
  -9.9366832e-01   6.8110406e-01   2.2709004e-01   1.0000000e+00   1.1141700e+03   4.4682800e+02   1.0000000e+00
  -1.0028617e+00   6.8982311e-01   2.6179464e-01   1.0000000e+00   1.1248400e+03   4.4732800e+02   1.0000000e+00
  -1.0099449e+00   6.9256828e-01   2.9507106e-01   1.0000000e+00   1.1321100e+03   4.4880000e+02   1.0000000e+00
  -1.0150237e+00   6.8753156e-01   3.3032504e-01   1.0000000e+00   1.1360000e+03   4.5100000e+02   1.0000000e+00
  -1.0200599e+00   6.7161287e-01   3.6912313e-01   1.0000000e+00   1.1349900e+03   4.5381400e+02   1.0000000e+00
  -1.0281925e+00   6.4400874e-01   4.1088356e-01   1.0000000e+00   1.1285600e+03   4.5526700e+02   1.0000000e+00
  -1.0384591e+00   6.0682084e-01   4.5414120e-01   1.0000000e+00   1.1172400e+03   4.5566700e+02   1.0000000e+00
  -1.0465465e+00   5.6428113e-01   4.9481376e-01   1.0000000e+00   1.1016500e+03   4.5665100e+02   1.0000000e+00
  -1.0529148e+00   5.2183151e-01   5.3491524e-01   1.0000000e+00   1.0855500e+03   4.5852900e+02   1.0000000e+00
  -1.0595915e+00   4.8740918e-01   5.7306796e-01   1.0000000e+00   1.0730500e+03   4.5987200e+02   1.0000000e+00
  -1.0660686e+00   4.5373057e-01   6.1273083e-01   1.0000000e+00   1.0608500e+03   4.6180200e+02   1.0000000e+00
  -1.0730154e+00   4.1784944e-01   6.5142238e-01   1.0000000e+00   1.0465700e+03   4.6340400e+02   1.0000000e+00
  -1.0804630e+00   3.8010423e-01   6.8768030e-01   1.0000000e+00   1.0303600e+03   4.6446200e+02   1.0000000e+00
  -1.0860615e+00   3.3978008e-01   7.2476363e-01   1.0000000e+00   1.0120500e+03   4.6660000e+02   1.0000000e+00
  -1.0874445e+00   2.9534741e-01   7.6640075e-01   1.0000000e+00   9.9062700e+02   4.7212700e+02   1.0000000e+00
  -1.0806248e+00   2.4511810e-01   8.1797100e-01   1.0000000e+00   9.6543700e+02   4.8472300e+02   1.0000000e+00
  -1.0619342e+00   1.8732863e-01   8.7812053e-01   1.0000000e+00   9.3414800e+02   5.0688300e+02   1.0000000e+00
  -1.0259584e+00   1.2315347e-01   9.3597494e-01   1.0000000e+00   8.9520600e+02   5.4041200e+02   1.0000000e+00
  -9.8814424e-01   4.6357293e-02   9.8814525e-01   1.0000000e+00   8.4542800e+02   5.7485500e+02   1.0000000e+00
  -9.6123047e-01  -4.2005276e-02   1.0212754e+00   1.0000000e+00   7.8510600e+02   5.9804200e+02   1.0000000e+00
  -9.4873412e-01  -1.3526395e-01   1.0362430e+00   1.0000000e+00   7.2056300e+02   6.0723600e+02   1.0000000e+00
  -9.4576530e-01  -2.2976808e-01   1.0354996e+00   1.0000000e+00   6.5522400e+02   6.0599300e+02   1.0000000e+00
  -9.4587230e-01  -3.2904180e-01   1.0220648e+00   1.0000000e+00   5.8792900e+02   5.9914200e+02   1.0000000e+00
  -9.4612788e-01  -4.3102921e-01   9.9763983e-01   1.0000000e+00   5.2101500e+02   5.8940100e+02   1.0000000e+00
  -9.4476277e-01  -5.3281452e-01   9.6119219e-01   1.0000000e+00   4.5815600e+02   5.7776300e+02   1.0000000e+00
  -9.2910106e-01  -6.3060118e-01   9.1924614e-01   1.0000000e+00   4.0182400e+02   5.7404600e+02   1.0000000e+00
  -9.0492638e-01  -7.1824047e-01   8.7395192e-01   1.0000000e+00   3.5563000e+02   5.7468100e+02   1.0000000e+00
  -8.8133270e-01  -7.8994009e-01   8.3060066e-01   1.0000000e+00   3.2121200e+02   5.7601800e+02   1.0000000e+00
  -8.6226741e-01  -8.5085482e-01   7.9052334e-01   1.0000000e+00   2.9405700e+02   5.7568900e+02   1.0000000e+00
  -8.5329762e-01  -9.0461400e-01   7.5106843e-01   1.0000000e+00   2.7130400e+02   5.7046100e+02   1.0000000e+00
  -8.5338187e-01  -9.5164200e-01   7.1359148e-01   1.0000000e+00   2.5267700e+02   5.6119800e+02   1.0000000e+00
  -8.5352123e-01  -9.9627163e-01   6.8061146e-01   1.0000000e+00   2.3506300e+02   5.5326300e+02   1.0000000e+00
  -8.5023712e-01  -1.0409050e+00   6.4751402e-01   1.0000000e+00   2.1805500e+02   5.4729700e+02   1.0000000e+00
  -8.4424032e-01  -1.0807590e+00   6.1055498e-01   1.0000000e+00   2.0590000e+02   5.4205600e+02   1.0000000e+00
  -8.4252271e-01  -1.1083117e+00   5.6003843e-01   1.0000000e+00   2.0201100e+02   5.3311500e+02   1.0000000e+00
  -8.4200898e-01  -1.1234204e+00   4.9319093e-01   1.0000000e+00   2.0761300e+02   5.2131300e+02   1.0000000e+00
  -8.3280397e-01  -1.1331816e+00   4.1064835e-01   1.0000000e+00   2.1901400e+02   5.1180300e+02   1.0000000e+00
  -8.1150185e-01  -1.1352779e+00   3.1751363e-01   1.0000000e+00   2.3526200e+02   5.0666200e+02   1.0000000e+00
  -7.8539219e-01  -1.1236428e+00   2.2375221e-01   1.0000000e+00   2.5709500e+02   5.0420600e+02   1.0000000e+00
  -7.6707470e-01  -1.1077054e+00   1.3497375e-01   1.0000000e+00   2.7814300e+02   4.9937500e+02   1.0000000e+00
  -7.5730456e-01  -1.0882977e+00   5.3818180e-02   1.0000000e+00   2.9821400e+02   4.9250000e+02   1.0000000e+00
  -7.4147561e-01  -1.0640066e+00  -2.4978317e-02   1.0000000e+00   3.1875500e+02   4.8891800e+02   1.0000000e+00
  -7.2462353e-01  -1.0408315e+00  -9.7203038e-02   1.0000000e+00   3.3745800e+02   4.8660400e+02   1.0000000e+00
  -7.0965332e-01  -1.0221349e+00  -1.6190090e-01   1.0000000e+00   3.5234100e+02   4.8434100e+02   1.0000000e+00
  -6.9598502e-01  -1.0055279e+00  -2.2131667e-01   1.0000000e+00   3.6517500e+02   4.8257500e+02   1.0000000e+00
  -6.8842766e-01  -9.8989971e-01  -2.7376915e-01   1.0000000e+00   3.7671800e+02   4.7953800e+02   1.0000000e+00
  -6.8634541e-01  -9.7674738e-01  -3.2021725e-01   1.0000000e+00   3.8612800e+02   4.7512800e+02   1.0000000e+00
  -6.8018531e-01  -9.6781439e-01  -3.7483949e-01   1.0000000e+00   3.9440500e+02   4.7151400e+02   1.0000000e+00
  -6.6861581e-01  -9.6114741e-01  -4.3356617e-01   1.0000000e+00   4.0218900e+02   4.6913500e+02   1.0000000e+00
  -6.5666242e-01  -9.5147557e-01  -4.8829755e-01   1.0000000e+00   4.1005700e+02   4.6742900e+02   1.0000000e+00
  -6.4194474e-01  -9.3831418e-01  -5.3698380e-01   1.0000000e+00   4.1906100e+02   4.6766700e+02   1.0000000e+00
  -6.2782870e-01  -9.0721065e-01  -5.7829906e-01   1.0000000e+00   4.3282400e+02   4.6850000e+02   1.0000000e+00
  -6.1926814e-01  -8.6106462e-01  -6.1587589e-01   1.0000000e+00   4.5197100e+02   4.6838200e+02   1.0000000e+00
  -6.1441251e-01  -8.0185706e-01  -6.4620480e-01   1.0000000e+00   4.7429400e+02   4.6750000e+02   1.0000000e+00
  -6.0798927e-01  -7.3340290e-01  -6.7074840e-01   1.0000000e+00   4.9925700e+02   4.6825700e+02   1.0000000e+00
  -6.0360588e-01  -6.5668744e-01  -6.9006545e-01   1.0000000e+00   5.2646900e+02   4.6868800e+02   1.0000000e+00
  -6.0127308e-01  -5.7921918e-01  -7.0837530e-01   1.0000000e+00   5.5358800e+02   4.6867600e+02   1.0000000e+00
  -6.0251117e-01  -5.0225868e-01  -7.2628608e-01   1.0000000e+00   5.8050000e+02   4.6750000e+02   1.0000000e+00
  -6.0097519e-01  -4.1452344e-01  -7.4532904e-01   1.0000000e+00   6.1090900e+02   4.6730300e+02   1.0000000e+00
  -6.0945706e-01  -3.2704529e-01  -7.5542863e-01   1.0000000e+00   6.4090900e+02   4.6469700e+02   1.0000000e+00
  -6.2435523e-01  -2.4591552e-01  -7.5929905e-01   1.0000000e+00   6.6857600e+02   4.6057600e+02   1.0000000e+00
  -6.3889238e-01  -1.7149206e-01  -7.6147453e-01   1.0000000e+00   6.9423500e+02   4.5664700e+02   1.0000000e+00
  -6.4927799e-01  -1.0056470e-01  -7.6214439e-01   1.0000000e+00   7.1854500e+02   4.5421200e+02   1.0000000e+00
  -6.5718635e-01  -2.9060718e-02  -7.5928832e-01   1.0000000e+00   7.4311400e+02   4.5288600e+02   1.0000000e+00
  -6.6584799e-01   4.4404669e-02  -7.5097327e-01   1.0000000e+00   7.6858800e+02   4.5167600e+02   1.0000000e+00
  -6.7345094e-01   1.2248600e-01  -7.3771600e-01   1.0000000e+00   7.9586500e+02   4.5170300e+02   1.0000000e+00
  -6.7949006e-01   2.0540665e-01  -7.1957027e-01   1.0000000e+00   8.2529400e+02   4.5250000e+02   1.0000000e+00
  -6.8116321e-01   2.8203727e-01  -6.9653831e-01   1.0000000e+00   8.5291400e+02   4.5554300e+02   1.0000000e+00
  -6.7176050e-01   3.5575769e-01  -6.6735963e-01   1.0000000e+00   8.7986500e+02   4.6270300e+02   1.0000000e+00
  -6.6561054e-01   4.2943922e-01  -6.2455542e-01   1.0000000e+00   9.0813900e+02   4.7038900e+02   1.0000000e+00
  -6.6610812e-01   5.0130105e-01  -5.7282298e-01   1.0000000e+00   9.3700000e+02   4.7700000e+02   1.0000000e+00
  -6.6943889e-01   5.6844063e-01  -5.1182722e-01   1.0000000e+00   9.6600000e+02   4.8350000e+02   1.0000000e+00
  -6.7689455e-01   6.2966099e-01  -4.4196024e-01   1.0000000e+00   9.9480000e+02   4.8992500e+02   1.0000000e+00
  -6.8540973e-01   6.8502548e-01  -3.6804173e-01   1.0000000e+00   1.0229700e+03   4.9667500e+02   1.0000000e+00
  -6.8950018e-01   7.3884654e-01  -2.9159537e-01   1.0000000e+00   1.0519700e+03   5.0567500e+02   1.0000000e+00
  -6.9033760e-01   7.8831164e-01  -2.1139478e-01   1.0000000e+00   1.0805000e+03   5.1666700e+02   1.0000000e+00
  -7.0125625e-01   8.2881552e-01  -1.3543691e-01   1.0000000e+00   1.1072400e+03   5.2360000e+02   1.0000000e+00
  -7.1754787e-01   8.6490232e-01  -6.9460756e-02   1.0000000e+00   1.1323700e+03   5.2710900e+02   1.0000000e+00
  -7.3297155e-01   8.9761629e-01  -6.4790147e-03   1.0000000e+00   1.1566300e+03   5.3089100e+02   1.0000000e+00
  -7.4975993e-01   9.2346137e-01   5.5258230e-02   1.0000000e+00   1.1794000e+03   5.3362000e+02   1.0000000e+00
  -7.5888306e-01   9.4577163e-01   1.1755124e-01   1.0000000e+00   1.2007800e+03   5.4006000e+02   1.0000000e+00
  -7.5426760e-01   9.6837111e-01   1.8315185e-01   1.0000000e+00   1.2227100e+03   5.5309800e+02   1.0000000e+00
  -7.4336269e-01   9.8584567e-01   2.4582874e-01   1.0000000e+00   1.2421300e+03   5.6883300e+02   1.0000000e+00
  -7.2664381e-01   9.9666278e-01   3.1147325e-01   1.0000000e+00   1.2592300e+03   5.8860700e+02   1.0000000e+00
  -7.0911135e-01   9.9336012e-01   3.8383424e-01   1.0000000e+00   1.2710700e+03   6.1033900e+02   1.0000000e+00
  -7.0073228e-01   9.7095688e-01   4.6001001e-01   1.0000000e+00   1.2757100e+03   6.2950000e+02   1.0000000e+00
  -7.0338472e-01   9.3089278e-01   5.3471115e-01   1.0000000e+00   1.2726300e+03   6.4367200e+02   1.0000000e+00
  -7.1020852e-01   8.7792214e-01   6.0674576e-01   1.0000000e+00   1.2618300e+03   6.5594300e+02   1.0000000e+00
  -7.1724918e-01   8.2024228e-01   6.7345234e-01   1.0000000e+00   1.2464300e+03   6.6720300e+02   1.0000000e+00
  -7.2398934e-01   7.6277120e-01   7.3513401e-01   1.0000000e+00   1.2289600e+03   6.7839000e+02   1.0000000e+00
  -7.3590080e-01   7.0453299e-01   7.9131899e-01   1.0000000e+00   1.2092000e+03   6.8570900e+02   1.0000000e+00
  -7.4975909e-01   6.5280569e-01   8.4101317e-01   1.0000000e+00   1.1911300e+03   6.9071100e+02   1.0000000e+00
  -7.5650980e-01   6.0775349e-01   8.9109651e-01   1.0000000e+00   1.1756800e+03   7.0043800e+02   1.0000000e+00
  -7.6387047e-01   5.6479295e-01   9.4123158e-01   1.0000000e+00   1.1606200e+03   7.1006700e+02   1.0000000e+00
  -7.7321728e-01   5.2096500e-01   9.8961002e-01   1.0000000e+00   1.1443200e+03   7.1877800e+02   1.0000000e+00
  -7.7586619e-01   4.7629800e-01   1.0388296e+00   1.0000000e+00   1.1257100e+03   7.3197400e+02   1.0000000e+00
  -7.7201888e-01   4.3240923e-01   1.0872539e+00   1.0000000e+00   1.1057600e+03   7.4953200e+02   1.0000000e+00
  -7.7123093e-01   3.8178923e-01   1.1325325e+00   1.0000000e+00   1.0800000e+03   7.6519500e+02   1.0000000e+00
  -7.7767295e-01   3.1875591e-01   1.1628217e+00   1.0000000e+00   1.0411100e+03   7.6991300e+02   1.0000000e+00
  -7.8784302e-01   2.4559808e-01   1.1820446e+00   1.0000000e+00   9.9258300e+02   7.6880600e+02   1.0000000e+00
  -8.0770309e-01   1.6838395e-01   1.1930401e+00   1.0000000e+00   9.3985700e+02   7.5812900e+02   1.0000000e+00
  -8.2854281e-01   9.0730645e-02   1.2027394e+00   1.0000000e+00   8.8529600e+02   7.4590800e+02   1.0000000e+00
  -8.3939752e-01   7.4668791e-03   1.2134934e+00   1.0000000e+00   8.2474500e+02   7.4006400e+02   1.0000000e+00
  -8.3679242e-01  -8.3025597e-02   1.2246027e+00   1.0000000e+00   7.5730900e+02   7.4257400e+02   1.0000000e+00
  -8.2307979e-01  -1.8130157e-01   1.2327394e+00   1.0000000e+00   6.8334100e+02   7.5111600e+02   1.0000000e+00
  -8.2115254e-01  -2.6761583e-01   1.2314396e+00   1.0000000e+00   6.1864600e+02   7.4846300e+02   1.0000000e+00
  -8.2972305e-01  -3.3845722e-01   1.2307653e+00   1.0000000e+00   5.6615900e+02   7.3983500e+02   1.0000000e+00
  -8.3557151e-01  -4.0355141e-01   1.2290631e+00   1.0000000e+00   5.1803000e+02   7.3281500e+02   1.0000000e+00
  -8.4070898e-01  -4.6513899e-01   1.2218827e+00   1.0000000e+00   4.7353900e+02   7.2440000e+02   1.0000000e+00
  -8.4545781e-01  -5.2477481e-01   1.2109299e+00   1.0000000e+00   4.3153300e+02   7.1503000e+02   1.0000000e+00
  -8.4332740e-01  -5.8750202e-01   1.1981901e+00   1.0000000e+00   3.8866300e+02   7.0940500e+02   1.0000000e+00
  -8.3356932e-01  -6.5317561e-01   1.1805675e+00   1.0000000e+00   3.4585900e+02   7.0677600e+02   1.0000000e+00
  -8.2145375e-01  -7.1266728e-01   1.1575168e+00   1.0000000e+00   3.0980100e+02   7.0426500e+02   1.0000000e+00
  -7.9912092e-01  -7.7274990e-01   1.1366490e+00   1.0000000e+00   2.7487600e+02   7.0873100e+02   1.0000000e+00
  -7.8089275e-01  -8.2897867e-01   1.1011260e+00   1.0000000e+00   2.4700700e+02   7.0605100e+02   1.0000000e+00
  -7.7330072e-01  -8.7948863e-01   1.0448567e+00   1.0000000e+00   2.2837800e+02   6.9098400e+02   1.0000000e+00
  -7.6799823e-01  -9.2352861e-01   9.7611747e-01   1.0000000e+00   2.1750400e+02   6.7229600e+02   1.0000000e+00
  -7.6375784e-01  -9.6174873e-01   8.9570906e-01   1.0000000e+00   2.1347200e+02   6.5124100e+02   1.0000000e+00
  -7.5946851e-01  -9.9277163e-01   8.1100368e-01   1.0000000e+00   2.1495800e+02   6.3104200e+02   1.0000000e+00
  -7.4798025e-01  -1.0231622e+00   7.2728913e-01   1.0000000e+00   2.1660900e+02   6.1644800e+02   1.0000000e+00
  -7.2869556e-01  -1.0559757e+00   6.4087113e-01   1.0000000e+00   2.1846800e+02   6.0570900e+02   1.0000000e+00
  -7.2425783e-01  -1.0804249e+00   5.4878265e-01   1.0000000e+00   2.2293800e+02   5.8860000e+02   1.0000000e+00
  -7.3649824e-01  -1.0987585e+00   4.6907982e-01   1.0000000e+00   2.2837500e+02   5.6695300e+02   1.0000000e+00
  -7.4664011e-01  -1.1189299e+00   3.9920785e-01   1.0000000e+00   2.3060700e+02   5.4949200e+02   1.0000000e+00
  -7.5670276e-01  -1.1408713e+00   3.3453779e-01   1.0000000e+00   2.3219600e+02   5.3310700e+02   1.0000000e+00
  -7.6817785e-01  -1.1550801e+00   2.6986263e-01   1.0000000e+00   2.3528300e+02   5.1796200e+02   1.0000000e+00
  -7.6976979e-01  -1.1709111e+00   2.0678987e-01   1.0000000e+00   2.3970600e+02   5.0709800e+02   1.0000000e+00
  -7.6776930e-01  -1.1851931e+00   1.4239227e-01   1.0000000e+00   2.4392700e+02   4.9865500e+02   1.0000000e+00
  -7.6814342e-01  -1.1921261e+00   8.8078912e-02   1.0000000e+00   2.4950000e+02   4.9100000e+02   1.0000000e+00
  -7.7073771e-01  -1.1926178e+00   2.7453707e-02   1.0000000e+00   2.5762000e+02   4.8210000e+02   1.0000000e+00
  -7.7701019e-01  -1.1791296e+00  -3.8770635e-02   1.0000000e+00   2.7262000e+02   4.7110000e+02   1.0000000e+00
  -7.8553761e-01  -1.1583311e+00  -1.0727076e-01   1.0000000e+00   2.9025000e+02   4.6000000e+02   1.0000000e+00
  -7.9135314e-01  -1.1351893e+00  -1.7415615e-01   1.0000000e+00   3.0770800e+02   4.5050000e+02   1.0000000e+00
  -7.9365423e-01  -1.1122399e+00  -2.3830319e-01   1.0000000e+00   3.2404500e+02   4.4293200e+02   1.0000000e+00
  -7.9368952e-01  -1.0897888e+00  -3.0439728e-01   1.0000000e+00   3.4011600e+02   4.3611600e+02   1.0000000e+00
  -7.9173346e-01  -1.0634037e+00  -3.6887819e-01   1.0000000e+00   3.5693000e+02   4.3072100e+02   1.0000000e+00
  -7.9296506e-01  -1.0397522e+00  -4.3347733e-01   1.0000000e+00   3.7181000e+02   4.2407100e+02   1.0000000e+00
  -7.9807886e-01  -1.0274153e+00  -4.9233836e-01   1.0000000e+00   3.8180000e+02   4.1692500e+02   1.0000000e+00
  -8.0328198e-01  -1.0244653e+00  -5.5007776e-01   1.0000000e+00   3.8787200e+02   4.0987200e+02   1.0000000e+00
  -8.0817486e-01  -1.0227700e+00  -6.0790659e-01   1.0000000e+00   3.9336800e+02   4.0307900e+02   1.0000000e+00
  -8.0986782e-01  -1.0241000e+00  -6.6429997e-01   1.0000000e+00   3.9750000e+02   3.9783300e+02   1.0000000e+00
  -8.0269476e-01  -1.0276920e+00  -7.1983445e-01   1.0000000e+00   4.0083300e+02   3.9550000e+02   1.0000000e+00
  -7.9278325e-01  -1.0331374e+00  -7.8391192e-01   1.0000000e+00   4.0414700e+02   3.9361800e+02   1.0000000e+00
  -7.8429538e-01  -1.0222324e+00  -8.4212921e-01   1.0000000e+00   4.1228100e+02   3.9181300e+02   1.0000000e+00
  -7.1028808e-01  -6.9598603e-01  -1.0303511e+00   1.0000000e+00   5.2858600e+02   4.0372400e+02   1.0000000e+00
  -6.9608508e-01  -5.8607452e-01  -1.0402333e+00   1.0000000e+00   5.6374100e+02   4.0859300e+02   1.0000000e+00
  -6.8605909e-01  -4.6966285e-01  -1.0401755e+00   1.0000000e+00   6.0060700e+02   4.1317900e+02   1.0000000e+00
  -6.8452274e-01  -3.5487058e-01  -1.0359188e+00   1.0000000e+00   6.3703700e+02   4.1537000e+02   1.0000000e+00
  -6.8844310e-01  -2.4780697e-01  -1.0235908e+00   1.0000000e+00   6.7125900e+02   4.1640700e+02   1.0000000e+00
  -6.9058437e-01  -1.5012167e-01  -1.0049866e+00   1.0000000e+00   7.0241400e+02   4.1855200e+02   1.0000000e+00
  -6.9465163e-01  -6.2519938e-02  -9.8491836e-01   1.0000000e+00   7.3072400e+02   4.2041400e+02   1.0000000e+00
  -7.0290048e-01   1.6575305e-02  -9.6271999e-01   1.0000000e+00   7.5671000e+02   4.2071000e+02   1.0000000e+00
  -7.1315831e-01   9.1602148e-02  -9.4122218e-01   1.0000000e+00   7.8184400e+02   4.2037500e+02   1.0000000e+00
  -7.1953474e-01   1.6562719e-01  -9.2118177e-01   1.0000000e+00   8.0677400e+02   4.2080600e+02   1.0000000e+00
  -7.1864796e-01   2.4190360e-01  -9.0415767e-01   1.0000000e+00   8.3245200e+02   4.2358100e+02   1.0000000e+00
  -7.0922432e-01   3.1314284e-01  -8.8479644e-01   1.0000000e+00   8.5663300e+02   4.2936700e+02   1.0000000e+00
  -6.9813185e-01   3.8628226e-01  -8.6310815e-01   1.0000000e+00   8.8177400e+02   4.3580600e+02   1.0000000e+00
  -6.9306264e-01   4.5706043e-01  -8.2614518e-01   1.0000000e+00   9.0741400e+02   4.4172400e+02   1.0000000e+00
  -6.9165721e-01   5.2569084e-01  -7.8075138e-01   1.0000000e+00   9.3336700e+02   4.4763300e+02   1.0000000e+00
  -6.9451849e-01   5.8841968e-01  -7.2991266e-01   1.0000000e+00   9.5850000e+02   4.5250000e+02   1.0000000e+00
  -6.9975916e-01   6.4564092e-01  -6.7102548e-01   1.0000000e+00   9.8309100e+02   4.5754500e+02   1.0000000e+00
  -7.0488784e-01   7.0091561e-01  -6.0494860e-01   1.0000000e+00   1.0082300e+03   4.6342900e+02   1.0000000e+00
  -7.0905149e-01   7.5576320e-01  -5.3462900e-01   1.0000000e+00   1.0347600e+03   4.7042400e+02   1.0000000e+00
  -7.1151551e-01   8.0980935e-01  -4.6092380e-01   1.0000000e+00   1.0621400e+03   4.7838900e+02   1.0000000e+00
  -7.1973525e-01   8.6131186e-01  -3.8768727e-01   1.0000000e+00   1.0901000e+03   4.8471800e+02   1.0000000e+00
  -7.4824678e-01   9.4756979e-01  -2.6750261e-01   1.0000000e+00   1.1408000e+03   4.9007500e+02   1.0000000e+00
