  -1.0568420e+00  -6.5606090e-01  -2.2609640e-01   1.0000000e+00   3.7700000e+02   1.6551700e+00   1.0000000e+00
  -1.0458938e+00  -7.0996739e-01  -1.7522769e-01   1.0000000e+00   3.5467500e+02   1.4025000e+01   1.0000000e+00
  -1.0347442e+00  -7.6540285e-01  -1.1528128e-01   1.0000000e+00   3.3100000e+02   2.9756100e+01   1.0000000e+00
  -1.0373678e+00  -8.0613270e-01  -4.1475327e-02   1.0000000e+00   3.1216300e+02   4.3511600e+01   1.0000000e+00
  -1.0495149e+00  -8.2944572e-01   3.9070850e-02   1.0000000e+00   2.9957400e+02   5.5680900e+01   1.0000000e+00
  -1.0572167e+00  -8.4148053e-01   1.2226349e-01   1.0000000e+00   2.9141700e+02   7.0750000e+01   1.0000000e+00
  -1.0571479e+00  -8.4045227e-01   2.0808830e-01   1.0000000e+00   2.8928800e+02   9.0711500e+01   1.0000000e+00
  -1.0498072e+00  -8.2803192e-01   2.9805986e-01   1.0000000e+00   2.9228600e+02   1.1550000e+02   1.0000000e+00
  -1.0369210e+00  -8.1071812e-01   3.9329632e-01   1.0000000e+00   2.9774600e+02   1.4491500e+02   1.0000000e+00
  -1.0236831e+00  -7.9158650e-01   4.8982737e-01   1.0000000e+00   3.0435500e+02   1.7598400e+02   1.0000000e+00
  -1.0087254e+00  -7.7219030e-01   5.8705278e-01   1.0000000e+00   3.1135900e+02   2.0935900e+02   1.0000000e+00
  -1.0039882e+00  -7.5589574e-01   6.6626480e-01   1.0000000e+00   3.1737700e+02   2.3456500e+02   1.0000000e+00
  -1.0134599e+00  -7.4029512e-01   7.2865134e-01   1.0000000e+00   3.2307200e+02   2.4988400e+02   1.0000000e+00
  -1.0342106e+00  -7.2227268e-01   7.8100109e-01   1.0000000e+00   3.3000000e+02   2.5780800e+02   1.0000000e+00
  -1.0617223e+00  -7.0251995e-01   8.2062229e-01   1.0000000e+00   3.3838500e+02   2.5912800e+02   1.0000000e+00
  -1.0870648e+00  -6.8358595e-01   8.5160203e-01   1.0000000e+00   3.4660700e+02   2.5860700e+02   1.0000000e+00
  -1.1042285e+00  -6.6805454e-01   8.8327194e-01   1.0000000e+00   3.5370100e+02   2.6188500e+02   1.0000000e+00
  -1.1151961e+00  -6.5333500e-01   9.2094818e-01   1.0000000e+00   3.6059600e+02   2.7023600e+02   1.0000000e+00
  -1.1194341e+00  -6.3130745e-01   9.6717203e-01   1.0000000e+00   3.7194700e+02   2.8412800e+02   1.0000000e+00
  -1.1265527e+00  -5.8788072e-01   1.0205579e+00   1.0000000e+00   3.9550000e+02   3.0010200e+02   1.0000000e+00
  -1.1329905e+00  -5.2296376e-01   1.0660394e+00   1.0000000e+00   4.3204100e+02   3.1395900e+02   1.0000000e+00
  -1.1329292e+00  -4.4537304e-01   1.1035188e+00   1.0000000e+00   4.7688000e+02   3.2812000e+02   1.0000000e+00
  -1.1225624e+00  -3.5836915e-01   1.1306443e+00   1.0000000e+00   5.2703000e+02   3.4290000e+02   1.0000000e+00
  -1.1048370e+00  -2.6785025e-01   1.1481411e+00   1.0000000e+00   5.7837100e+02   3.5691800e+02   1.0000000e+00
  -1.0833615e+00  -1.7615969e-01   1.1561759e+00   1.0000000e+00   6.2888800e+02   3.6888800e+02   1.0000000e+00
  -1.0571792e+00  -9.1292309e-02   1.1548677e+00   1.0000000e+00   6.7335800e+02   3.7882100e+02   1.0000000e+00
  -1.0323404e+00  -1.2408795e-02   1.1500142e+00   1.0000000e+00   7.1334000e+02   3.8676600e+02   1.0000000e+00
  -1.0245765e+00   5.3624332e-02   1.1419207e+00   1.0000000e+00   7.4667000e+02   3.8664800e+02   1.0000000e+00
  -1.0293513e+00   1.1201305e-01   1.1270747e+00   1.0000000e+00   7.7595700e+02   3.7919100e+02   1.0000000e+00
  -1.0375959e+00   1.6616762e-01   1.1084839e+00   1.0000000e+00   8.0289100e+02   3.6922800e+02   1.0000000e+00
  -1.0448863e+00   2.1721370e-01   1.0880243e+00   1.0000000e+00   8.2743200e+02   3.5918200e+02   1.0000000e+00
  -1.0508104e+00   2.6715340e-01   1.0671532e+00   1.0000000e+00   8.5070500e+02   3.4958000e+02   1.0000000e+00
  -1.0596416e+00   3.1602882e-01   1.0502664e+00   1.0000000e+00   8.7435700e+02   3.4032100e+02   1.0000000e+00
  -1.0679379e+00   3.6522643e-01   1.0324353e+00   1.0000000e+00   8.9738800e+02   3.3114100e+02   1.0000000e+00
  -1.0688134e+00   4.1755796e-01   1.0076180e+00   1.0000000e+00   9.1972800e+02   3.2272800e+02   1.0000000e+00
  -1.0698796e+00   4.6788807e-01   9.6143323e-01   1.0000000e+00   9.3760500e+02   3.0747400e+02   1.0000000e+00
  -1.0706875e+00   5.1354095e-01   9.0264687e-01   1.0000000e+00   9.5083600e+02   2.8817800e+02   1.0000000e+00
  -1.0686180e+00   5.5367254e-01   8.3946367e-01   1.0000000e+00   9.6011300e+02   2.6964800e+02   1.0000000e+00
  -1.0637841e+00   5.8813557e-01   7.7424372e-01   1.0000000e+00   9.6584900e+02   2.5206100e+02   1.0000000e+00
  -1.0537865e+00   6.2009106e-01   7.0328617e-01   1.0000000e+00   9.6856700e+02   2.3561700e+02   1.0000000e+00
  -1.0327946e+00   6.5577653e-01   6.2676631e-01   1.0000000e+00   9.7045500e+02   2.2243600e+02   1.0000000e+00
  -9.9962454e-01   6.9584383e-01   5.4576056e-01   1.0000000e+00   9.7164100e+02   2.1332100e+02   1.0000000e+00
  -9.7537986e-01   7.3620644e-01   4.6833419e-01   1.0000000e+00   9.7474000e+02   2.0238000e+02   1.0000000e+00
  -9.7325231e-01   7.6663234e-01   4.1075601e-01   1.0000000e+00   9.7937000e+02   1.8910900e+02   1.0000000e+00
  -9.8859605e-01   7.8861534e-01   3.6183702e-01   1.0000000e+00   9.8371100e+02   1.7213300e+02   1.0000000e+00
  -1.0095394e+00   8.0580673e-01   3.1656988e-01   1.0000000e+00   9.8742600e+02   1.5417000e+02   1.0000000e+00
  -1.0268332e+00   8.2335703e-01   2.7342077e-01   1.0000000e+00   9.9107100e+02   1.3819000e+02   1.0000000e+00
  -1.0343680e+00   8.4307218e-01   2.2921243e-01   1.0000000e+00   9.9397700e+02   1.2588400e+02   1.0000000e+00
  -1.0301318e+00   8.6349459e-01   1.8118408e-01   1.0000000e+00   9.9512200e+02   1.1712200e+02   1.0000000e+00
  -1.0180928e+00   8.8274361e-01   1.2828430e-01   1.0000000e+00   9.9409800e+02   1.1000000e+02   1.0000000e+00
  -1.0099097e+00   8.9793237e-01   7.4462256e-02   1.0000000e+00   9.9208100e+02   1.0154100e+02   1.0000000e+00
  -9.9955402e-01   9.0840523e-01   2.1115903e-02   1.0000000e+00   9.8800000e+02   9.4410300e+01   1.0000000e+00
  -9.8876830e-01   9.1055086e-01  -3.8552273e-02   1.0000000e+00   9.8050000e+02   8.5647100e+01   1.0000000e+00
  -9.8625091e-01   8.9252132e-01  -9.7653920e-02   1.0000000e+00   9.6713900e+02   7.4611100e+01   1.0000000e+00
  -9.8549737e-01   8.5954218e-01  -1.5399316e-01   1.0000000e+00   9.4950000e+02   6.3500000e+01   1.0000000e+00
  -9.8160826e-01   8.1808036e-01  -2.0638411e-01   1.0000000e+00   9.2922600e+02   5.3806400e+01   1.0000000e+00
  -9.7548420e-01   7.6765645e-01  -2.5501239e-01   1.0000000e+00   9.0641900e+02   4.5871000e+01   1.0000000e+00
  -9.6276141e-01   7.0967399e-01  -3.0502771e-01   1.0000000e+00   8.8050000e+02   4.0333300e+01   1.0000000e+00
  -9.3942460e-01   6.4354405e-01  -3.6312941e-01   1.0000000e+00   8.5050000e+02   3.6500000e+01   1.0000000e+00
  -9.0465576e-01   5.6674954e-01  -4.2173128e-01   1.0000000e+00   8.1736700e+02   3.6366700e+01   1.0000000e+00
  -8.2021687e-01   1.4004510e-01  -6.6557969e-01   1.0000000e+00   6.5550000e+02   1.6000000e+01   1.0000000e+00
  -8.4167098e-01   1.2118399e-01  -6.9761850e-01   1.0000000e+00   6.4882100e+02   3.6071400e+00   1.0000000e+00
  -8.0072561e-01  -6.5015397e-01  -6.9143034e-01   1.0000000e+00   3.8742300e+02   8.1538500e+00   1.0000000e+00
  -7.8710050e-01  -7.2149019e-01  -6.7116815e-01   1.0000000e+00   3.6251900e+02   1.5111100e+01   1.0000000e+00
  -7.7688659e-01  -7.9949203e-01  -6.4456831e-01   1.0000000e+00   3.3530800e+02   2.2230800e+01   1.0000000e+00
  -7.6433195e-01  -8.5867516e-01  -6.1079547e-01   1.0000000e+00   3.1372400e+02   3.1413800e+01   1.0000000e+00
  -7.4752482e-01  -9.1114979e-01  -5.7032049e-01   1.0000000e+00   2.9511100e+02   4.3481500e+01   1.0000000e+00
  -7.3405591e-01  -9.5911671e-01  -5.2040554e-01   1.0000000e+00   2.7721400e+02   5.6500000e+01   1.0000000e+00
  -7.3059556e-01  -9.9768180e-01  -4.6169683e-01   1.0000000e+00   2.6150000e+02   6.8000000e+01   1.0000000e+00
  -7.3177615e-01  -1.0296688e+00  -3.9205049e-01   1.0000000e+00   2.4750000e+02   8.0500000e+01   1.0000000e+00
  -7.3182215e-01  -1.0546302e+00  -3.1006291e-01   1.0000000e+00   2.3528100e+02   9.6187500e+01   1.0000000e+00
  -7.2465528e-01  -1.0714788e+00  -2.1900448e-01   1.0000000e+00   2.2550000e+02   1.1650000e+02   1.0000000e+00
  -7.0804590e-01  -1.0875213e+00  -1.2388561e-01   1.0000000e+00   2.1645900e+02   1.4191900e+02   1.0000000e+00
  -6.9384996e-01  -1.0997701e+00  -3.5960033e-02   1.0000000e+00   2.0850000e+02   1.6570600e+02   1.0000000e+00
  -6.8738644e-01  -1.1057167e+00   3.7869057e-02   1.0000000e+00   2.0310000e+02   1.8437500e+02   1.0000000e+00
  -6.8391945e-01  -1.1151214e+00   1.0492292e-01   1.0000000e+00   1.9633300e+02   2.0100000e+02   1.0000000e+00
  -6.8694106e-01  -1.1321111e+00   1.6756177e-01   1.0000000e+00   1.8611600e+02   2.1488400e+02   1.0000000e+00
  -6.9644428e-01  -1.1530800e+00   2.2787769e-01   1.0000000e+00   1.7342900e+02   2.2661200e+02   1.0000000e+00
  -7.0619580e-01  -1.1708946e+00   2.8911789e-01   1.0000000e+00   1.6158300e+02   2.3875000e+02   1.0000000e+00
  -7.1419155e-01  -1.1798995e+00   3.4984513e-01   1.0000000e+00   1.5337500e+02   2.5189600e+02   1.0000000e+00
  -7.2395477e-01  -1.1759593e+00   4.0984758e-01   1.0000000e+00   1.5052900e+02   2.6456900e+02   1.0000000e+00
  -7.3951478e-01  -1.1510926e+00   4.6692101e-01   1.0000000e+00   1.5676900e+02   2.7500000e+02   1.0000000e+00
  -7.5170606e-01  -1.1093740e+00   5.2182542e-01   1.0000000e+00   1.7140700e+02   2.8625900e+02   1.0000000e+00
  -7.5697736e-01  -1.0551055e+00   5.7616945e-01   1.0000000e+00   1.9289700e+02   2.9963800e+02   1.0000000e+00
  -7.6046333e-01  -9.8557428e-01   6.2725457e-01   1.0000000e+00   2.2200000e+02   3.1350000e+02   1.0000000e+00
  -7.6003563e-01  -9.0846781e-01   6.7595572e-01   1.0000000e+00   2.5596700e+02   3.2821300e+02   1.0000000e+00
  -7.5191026e-01  -8.3572085e-01   7.2418212e-01   1.0000000e+00   2.8879400e+02   3.4611100e+02   1.0000000e+00
  -7.4454020e-01  -7.7403423e-01   7.7773201e-01   1.0000000e+00   3.1662500e+02   3.6493800e+02   1.0000000e+00
  -7.5327512e-01  -7.2384705e-01   8.2150276e-01   1.0000000e+00   3.3900000e+02   3.7588100e+02   1.0000000e+00
  -7.7405301e-01  -6.8026182e-01   8.5684818e-01   1.0000000e+00   3.5870600e+02   3.8007400e+02   1.0000000e+00
  -7.9751725e-01  -6.4200356e-01   8.9315127e-01   1.0000000e+00   3.7616700e+02   3.8390300e+02   1.0000000e+00
  -8.2068992e-01  -6.1267125e-01   9.3319280e-01   1.0000000e+00   3.8976000e+02   3.8924000e+02   1.0000000e+00
  -8.3992826e-01  -5.9048880e-01   9.7957528e-01   1.0000000e+00   4.0032900e+02   3.9842100e+02   1.0000000e+00
  -8.5204589e-01  -5.7190889e-01   1.0335114e+00   1.0000000e+00   4.0942500e+02   4.1321200e+02   1.0000000e+00
  -8.5616720e-01  -5.5222918e-01   1.0936118e+00   1.0000000e+00   4.1954200e+02   4.3371100e+02   1.0000000e+00
  -8.5654440e-01  -5.3215169e-01   1.1527905e+00   1.0000000e+00   4.3025000e+02   4.5609100e+02   1.0000000e+00
  -8.5910459e-01  -5.0947965e-01   1.2126619e+00   1.0000000e+00   4.4270500e+02   4.7858000e+02   1.0000000e+00
  -8.6611520e-01  -4.8471071e-01   1.2626039e+00   1.0000000e+00   4.5667000e+02   4.9595600e+02   1.0000000e+00
  -8.6922594e-01  -4.5029458e-01   1.3041692e+00   1.0000000e+00   4.7620000e+02   5.1182100e+02   1.0000000e+00
  -8.6213465e-01  -4.0775477e-01   1.3436123e+00   1.0000000e+00   5.0056000e+02   5.3050500e+02   1.0000000e+00
  -8.4854869e-01  -3.5879569e-01   1.3790798e+00   1.0000000e+00   5.2853200e+02   5.4991500e+02   1.0000000e+00
  -8.3391642e-01  -2.9981370e-01   1.4036295e+00   1.0000000e+00   5.6165600e+02   5.6486000e+02   1.0000000e+00
  -7.5609362e-01  -6.1533751e-03   1.4356442e+00   1.0000000e+00   7.1739100e+02   6.0043700e+02   1.0000000e+00
  -7.4596008e-01   6.7664560e-02   1.4231881e+00   1.0000000e+00   7.5355100e+02   5.9712400e+02   1.0000000e+00
  -7.4584525e-01   1.3268559e-01   1.4039328e+00   1.0000000e+00   7.8492200e+02   5.8811100e+02   1.0000000e+00
  -7.4928282e-01   1.9149806e-01   1.3824413e+00   1.0000000e+00   8.1255300e+02   5.7736500e+02   1.0000000e+00
  -7.5788648e-01   2.4539780e-01   1.3567763e+00   1.0000000e+00   8.3750000e+02   5.6339500e+02   1.0000000e+00
  -7.6973523e-01   2.9395614e-01   1.3290626e+00   1.0000000e+00   8.5954200e+02   5.4771100e+02   1.0000000e+00
  -7.8006117e-01   3.3935045e-01   1.3038321e+00   1.0000000e+00   8.7995200e+02   5.3383300e+02   1.0000000e+00
  -7.8428067e-01   3.8565751e-01   1.2822046e+00   1.0000000e+00   9.0006200e+02   5.2363000e+02   1.0000000e+00
  -7.8266827e-01   4.3960822e-01   1.2646069e+00   1.0000000e+00   9.2309200e+02   5.1671100e+02   1.0000000e+00
  -7.8139622e-01   4.9949867e-01   1.2511729e+00   1.0000000e+00   9.4884400e+02   5.1155800e+02   1.0000000e+00
  -7.7793276e-01   5.6300931e-01   1.2369733e+00   1.0000000e+00   9.7556200e+02   5.0664400e+02   1.0000000e+00
  -6.2999912e-01   7.8226586e-01  -6.2069258e-01   1.0000000e+00   8.5000000e+02   8.8826100e+01   1.0000000e+00
  -6.3515512e-01   7.2444659e-01  -6.6564066e-01   1.0000000e+00   8.2960000e+02   7.9040000e+01   1.0000000e+00
  -6.4162202e-01   6.6490250e-01  -7.0249441e-01   1.0000000e+00   8.0966700e+02   7.0125000e+01   1.0000000e+00
  -6.4959878e-01   6.0707030e-01  -7.3145343e-01   1.0000000e+00   7.9073900e+02   6.2695700e+01   1.0000000e+00
  -6.5382297e-01   5.5062700e-01  -7.5876426e-01   1.0000000e+00   7.7209100e+02   5.6090900e+01   1.0000000e+00
  -6.5360800e-01   4.9461815e-01  -7.8727359e-01   1.0000000e+00   7.5350000e+02   5.1083300e+01   1.0000000e+00
  -6.5016617e-01   4.3651766e-01  -8.1994011e-01   1.0000000e+00   7.3390900e+02   4.6090900e+01   1.0000000e+00
  -6.4642185e-01   3.7438353e-01  -8.5471273e-01   1.0000000e+00   7.1300000e+02   4.1000000e+01   1.0000000e+00
  -6.3982913e-01   3.1284906e-01  -8.8276748e-01   1.0000000e+00   6.9290900e+02   3.7909100e+01   1.0000000e+00
  -6.3367828e-01   2.4406479e-01  -9.0764297e-01   1.0000000e+00   6.7070800e+02   3.5000000e+01   1.0000000e+00
  -6.3679575e-01   1.7164031e-01  -9.1585647e-01   1.0000000e+00   6.4831800e+02   3.1863600e+01   1.0000000e+00
  -6.3725235e-01   9.7100309e-02  -9.1194978e-01   1.0000000e+00   6.2600000e+02   3.1291700e+01   1.0000000e+00
  -6.3189247e-01   2.3278908e-02  -8.9916888e-01   1.0000000e+00   6.0360900e+02   3.4043500e+01   1.0000000e+00
  -6.2184744e-01  -5.0116624e-02  -8.7480341e-01   1.0000000e+00   5.8129200e+02   4.0000000e+01   1.0000000e+00
  -6.0874919e-01  -1.2660823e-01  -8.4119851e-01   1.0000000e+00   5.5809100e+02   4.8090900e+01   1.0000000e+00
  -5.9292856e-01  -2.0636644e-01  -8.0668675e-01   1.0000000e+00   5.3344000e+02   5.7400000e+01   1.0000000e+00
  -5.7692397e-01  -2.9065906e-01  -7.7414792e-01   1.0000000e+00   5.0700000e+02   6.6500000e+01   1.0000000e+00
  -5.6251312e-01  -3.6960750e-01  -7.3511518e-01   1.0000000e+00   4.8200000e+02   7.6500000e+01   1.0000000e+00
  -5.6345354e-01  -4.4344252e-01  -6.9094243e-01   1.0000000e+00   4.5850000e+02   8.3000000e+01   1.0000000e+00
  -5.7990753e-01  -5.0296970e-01  -6.5203418e-01   1.0000000e+00   4.3921400e+02   8.4500000e+01   1.0000000e+00
  -5.9445709e-01  -5.5899862e-01  -6.2000445e-01   1.0000000e+00   4.2058600e+02   8.5275900e+01   1.0000000e+00
  -6.0803682e-01  -6.1268291e-01  -5.8953886e-01   1.0000000e+00   4.0229600e+02   8.6222200e+01   1.0000000e+00
  -6.2185258e-01  -6.6341670e-01  -5.5680115e-01   1.0000000e+00   3.8463300e+02   8.7366700e+01   1.0000000e+00
  -6.2661802e-01  -7.1563845e-01  -5.2514751e-01   1.0000000e+00   3.6641400e+02   9.1275900e+01   1.0000000e+00
  -6.2029152e-01  -7.7288445e-01  -4.9569656e-01   1.0000000e+00   3.4633300e+02   9.8200000e+01   1.0000000e+00
  -6.1327265e-01  -8.3123433e-01  -4.6653959e-01   1.0000000e+00   3.2545200e+02   1.0541900e+02   1.0000000e+00
  -6.1208439e-01  -8.8631987e-01  -4.3384023e-01   1.0000000e+00   3.0550000e+02   1.1150000e+02   1.0000000e+00
  -6.2638683e-01  -9.3035024e-01  -3.9324478e-01   1.0000000e+00   2.8850000e+02   1.1450000e+02   1.0000000e+00
  -6.4567602e-01  -9.6280292e-01  -3.4580136e-01   1.0000000e+00   2.7450000e+02   1.1750000e+02   1.0000000e+00
  -6.5798862e-01  -9.9070504e-01  -2.9028665e-01   1.0000000e+00   2.6200000e+02   1.2426500e+02   1.0000000e+00
  -6.6573263e-01  -1.0157082e+00  -2.2648396e-01   1.0000000e+00   2.5022200e+02   1.3466700e+02   1.0000000e+00
  -6.7415852e-01  -1.0362898e+00  -1.5494389e-01   1.0000000e+00   2.3924300e+02   1.4675700e+02   1.0000000e+00
  -6.8813227e-01  -1.0534161e+00  -7.6357793e-02   1.0000000e+00   2.2900000e+02   1.5875600e+02   1.0000000e+00
  -7.0096155e-01  -1.0729458e+00   6.6391733e-03   1.0000000e+00   2.1705000e+02   1.7282500e+02   1.0000000e+00
  -7.0139689e-01  -1.0993339e+00   8.8481335e-02   1.0000000e+00   2.0250000e+02   1.9150000e+02   1.0000000e+00
  -6.9014169e-01  -1.1311133e+00   1.7310334e-01   1.0000000e+00   1.8607100e+02   2.1519000e+02   1.0000000e+00
  -6.9517537e-01  -1.1584717e+00   2.4488209e-01   1.0000000e+00   1.7042900e+02   2.3132700e+02   1.0000000e+00
  -7.1019168e-01  -1.1823229e+00   3.0883861e-01   1.0000000e+00   1.5535400e+02   2.4264600e+02   1.0000000e+00
  -7.2642583e-01  -1.2061650e+00   3.6715397e-01   1.0000000e+00   1.3974000e+02   2.5252000e+02   1.0000000e+00
  -7.4402649e-01  -1.2278952e+00   4.1867606e-01   1.0000000e+00   1.2526000e+02   2.6038000e+02   1.0000000e+00
  -7.5486681e-01  -1.2482830e+00   4.6955390e-01   1.0000000e+00   1.1132100e+02   2.7058500e+02   1.0000000e+00
  -7.5352790e-01  -1.2694379e+00   5.2440330e-01   1.0000000e+00   9.7500000e+01   2.8650000e+02   1.0000000e+00
  -7.5082764e-01  -1.2884421e+00   5.8256263e-01   1.0000000e+00   8.4611100e+01   3.0438900e+02   1.0000000e+00
  -7.4801254e-01  -1.3011313e+00   6.3678215e-01   1.0000000e+00   7.4545500e+01   3.2134500e+02   1.0000000e+00
  -7.4698457e-01  -1.3079680e+00   6.9388878e-01   1.0000000e+00   6.5852500e+01   3.3983600e+02   1.0000000e+00
  -7.5484134e-01  -1.2994689e+00   7.4160868e-01   1.0000000e+00   6.4728800e+01   3.5222000e+02   1.0000000e+00
  -7.5967704e-01  -1.2712837e+00   7.8346451e-01   1.0000000e+00   7.4258100e+01   3.6393500e+02   1.0000000e+00
  -7.6031360e-01  -1.2238668e+00   8.1969326e-01   1.0000000e+00   9.4454500e+01   3.7528800e+02   1.0000000e+00
  -7.5611338e-01  -1.1591143e+00   8.4850980e-01   1.0000000e+00   1.2490900e+02   3.8606100e+02   1.0000000e+00
  -7.4615349e-01  -1.0857274e+00   8.6927999e-01   1.0000000e+00   1.6093900e+02   3.9615200e+02   1.0000000e+00
  -7.3087093e-01  -1.0101568e+00   8.8371850e-01   1.0000000e+00   1.9886400e+02   4.0586400e+02   1.0000000e+00
  -7.1377971e-01  -9.3242968e-01   8.8760218e-01   1.0000000e+00   2.3810800e+02   4.1220000e+02   1.0000000e+00
  -6.9750962e-01  -8.5232798e-01   8.8093071e-01   1.0000000e+00   2.7809000e+02   4.1509000e+02   1.0000000e+00
  -6.9459524e-01  -7.8053723e-01   8.6130776e-01   1.0000000e+00   3.1326600e+02   4.0912500e+02   1.0000000e+00
  -6.9542415e-01  -7.1665869e-01   8.3329019e-01   1.0000000e+00   3.4423800e+02   3.9919000e+02   1.0000000e+00
  -6.9556337e-01  -6.5742661e-01   8.0118620e-01   1.0000000e+00   3.7258700e+02   3.8850800e+02   1.0000000e+00
  -7.0017462e-01  -6.0589384e-01   7.6384754e-01   1.0000000e+00   3.9657400e+02   3.7500000e+02   1.0000000e+00
  -7.0836685e-01  -5.6130371e-01   7.2535532e-01   1.0000000e+00   4.1706300e+02   3.6015600e+02   1.0000000e+00
  -7.1636167e-01  -5.1946596e-01   6.8784682e-01   1.0000000e+00   4.3590500e+02   3.4596800e+02   1.0000000e+00
  -7.2391915e-01  -4.7631778e-01   6.5396682e-01   1.0000000e+00   4.5506300e+02   3.3315600e+02   1.0000000e+00
  -7.3177697e-01  -4.3261770e-01   6.2512861e-01   1.0000000e+00   4.7432800e+02   3.2195100e+02   1.0000000e+00
  -7.3865545e-01  -3.9049871e-01   5.9821781e-01   1.0000000e+00   4.9250000e+02   3.1186200e+02   1.0000000e+00
  -7.4459215e-01  -3.4359829e-01   5.6793334e-01   1.0000000e+00   5.1250000e+02   3.0113800e+02   1.0000000e+00
  -7.5205236e-01  -2.9946296e-01   5.2466865e-01   1.0000000e+00   5.3069100e+02   2.8661800e+02   1.0000000e+00
  -7.5086393e-01  -2.5465013e-01   4.7006743e-01   1.0000000e+00   5.4832700e+02   2.7243600e+02   1.0000000e+00
  -7.4174173e-01  -2.1204857e-01   4.0695485e-01   1.0000000e+00   5.6400000e+02   2.5884300e+02   1.0000000e+00
  -7.2498842e-01  -1.6983690e-01   3.3759658e-01   1.0000000e+00   5.7850000e+02   2.4670800e+02   1.0000000e+00
  -6.9668747e-01  -1.2215953e-01   2.6553719e-01   1.0000000e+00   5.9400000e+02   2.3850000e+02   1.0000000e+00
  -6.6240606e-01  -6.7546945e-02   1.9263500e-01   1.0000000e+00   6.1111600e+02   2.3211600e+02   1.0000000e+00
  -6.3281204e-01  -1.6799453e-02   1.2484533e-01   1.0000000e+00   6.2632500e+02   2.2602500e+02   1.0000000e+00
  -6.1888247e-01   3.6042960e-02   6.3326451e-02   1.0000000e+00   6.4282000e+02   2.1659000e+02   1.0000000e+00
  -6.2372342e-01   9.0054542e-02   1.4443737e-02   1.0000000e+00   6.6033300e+02   2.0477800e+02   1.0000000e+00
  -6.3650234e-01   1.4707832e-01  -2.4173234e-02   1.0000000e+00   6.7944700e+02   1.9292100e+02   1.0000000e+00
  -6.5001346e-01   2.0445568e-01  -5.5037923e-02   1.0000000e+00   6.9886500e+02   1.8289200e+02   1.0000000e+00
  -6.5859553e-01   2.6500997e-01  -8.5429744e-02   1.0000000e+00   7.1916700e+02   1.7419400e+02   1.0000000e+00
  -6.6465698e-01   3.3052538e-01  -1.1687212e-01   1.0000000e+00   7.4051500e+02   1.6660600e+02   1.0000000e+00
  -6.6906576e-01   3.9682843e-01  -1.4500539e-01   1.0000000e+00   7.6169700e+02   1.6009100e+02   1.0000000e+00
  -6.7376454e-01   4.6753922e-01  -1.7165532e-01   1.0000000e+00   7.8450000e+02   1.5429400e+02   1.0000000e+00
  -6.8814362e-01   5.2845462e-01  -2.0248240e-01   1.0000000e+00   8.0396700e+02   1.4440000e+02   1.0000000e+00
  -6.9756880e-01   5.8585717e-01  -2.3925244e-01   1.0000000e+00   8.2137500e+02   1.3515600e+02   1.0000000e+00
  -6.9488892e-01   6.4665728e-01  -2.7537349e-01   1.0000000e+00   8.3850000e+02   1.2950000e+02   1.0000000e+00
  -6.8428215e-01   7.1086819e-01  -3.0977227e-01   1.0000000e+00   8.5576700e+02   1.2713300e+02   1.0000000e+00
  -6.6690296e-01   7.7916590e-01  -3.4333114e-01   1.0000000e+00   8.7358600e+02   1.2672400e+02   1.0000000e+00
  -6.4426875e-01   8.5031399e-01  -3.7533004e-01   1.0000000e+00   8.9150000e+02   1.2821400e+02   1.0000000e+00
  -7.1578422e-01   1.0321256e+00   2.2426505e-01   1.0000000e+00   1.0197700e+03   2.3157100e+02   1.0000000e+00
  -7.1114373e-01   9.6357646e-01   2.4640252e-01   1.0000000e+00   9.9822900e+02   2.3757100e+02   1.0000000e+00
  -7.0477273e-01   8.8318515e-01   2.6334085e-01   1.0000000e+00   9.7113900e+02   2.4261100e+02   1.0000000e+00
  -6.9670533e-01   7.9596289e-01   2.7817763e-01   1.0000000e+00   9.4092100e+02   2.4794700e+02   1.0000000e+00
  -6.8861078e-01   7.0822172e-01   2.9112603e-01   1.0000000e+00   9.0975700e+02   2.5275700e+02   1.0000000e+00
  -6.8141433e-01   6.1962886e-01   3.0638443e-01   1.0000000e+00   8.7820000e+02   2.5792500e+02   1.0000000e+00
  -6.8165732e-01   5.3578362e-01   3.2057130e-01   1.0000000e+00   8.4881600e+02   2.6068400e+02   1.0000000e+00
  -6.8938714e-01   4.6216958e-01   3.3070775e-01   1.0000000e+00   8.2280000e+02   2.6007500e+02   1.0000000e+00
  -6.9320448e-01   3.9796295e-01   3.4363557e-01   1.0000000e+00   8.0000000e+02   2.6175600e+02   1.0000000e+00
  -6.9238507e-01   3.3922087e-01   3.6503509e-01   1.0000000e+00   7.7900000e+02   2.6675600e+02   1.0000000e+00
  -6.9328754e-01   2.8770068e-01   3.9475262e-01   1.0000000e+00   7.6150000e+02   2.7381800e+02   1.0000000e+00
  -6.9318860e-01   2.3804390e-01   4.3255719e-01   1.0000000e+00   7.4488400e+02   2.8311600e+02   1.0000000e+00
  -6.9311671e-01   1.8522400e-01   4.7330605e-01   1.0000000e+00   7.2670800e+02   2.9350000e+02   1.0000000e+00
  -6.9461281e-01   1.2849174e-01   5.1423785e-01   1.0000000e+00   7.0664600e+02   3.0364600e+02   1.0000000e+00
  -6.8901312e-01   7.0765304e-02   5.5512931e-01   1.0000000e+00   6.8543100e+02   3.1647100e+02   1.0000000e+00
  -6.8614327e-01   1.0076854e-02   5.9161755e-01   1.0000000e+00   6.6236000e+02   3.2750000e+02   1.0000000e+00
  -6.9153091e-01  -5.3171766e-02   6.1863302e-01   1.0000000e+00   6.3743100e+02   3.3347100e+02   1.0000000e+00
  -7.0021056e-01  -1.2004132e-01   6.3899295e-01   1.0000000e+00   6.1032100e+02   3.3635800e+02   1.0000000e+00
  -7.1222772e-01  -1.8804256e-01   6.5652015e-01   1.0000000e+00   5.8210700e+02   3.3753600e+02   1.0000000e+00
  -7.2349523e-01  -2.5767508e-01   6.7837967e-01   1.0000000e+00   5.5269100e+02   3.4038200e+02   1.0000000e+00
  -7.3050859e-01  -3.3127730e-01   7.0457967e-01   1.0000000e+00   5.2095000e+02   3.4595000e+02   1.0000000e+00
  -7.3884377e-01  -4.1200000e-01   7.3433684e-01   1.0000000e+00   4.8513800e+02   3.5250000e+02   1.0000000e+00
  -7.4835462e-01  -4.8875843e-01   7.6082132e-01   1.0000000e+00   4.5013800e+02   3.5750000e+02   1.0000000e+00
  -7.5834916e-01  -5.6206390e-01   7.9035630e-01   1.0000000e+00   4.1604700e+02   3.6376600e+02   1.0000000e+00
  -7.6990117e-01  -6.2414019e-01   8.2694616e-01   1.0000000e+00   3.8629200e+02   3.7166200e+02   1.0000000e+00
  -7.7935308e-01  -6.7698087e-01   8.7087514e-01   1.0000000e+00   3.6000000e+02   3.8300000e+02   1.0000000e+00
  -7.8908794e-01  -7.2479251e-01   9.2008821e-01   1.0000000e+00   3.3515500e+02   3.9654900e+02   1.0000000e+00
  -7.9774027e-01  -7.7021703e-01   9.7587390e-01   1.0000000e+00   3.1070300e+02   4.1309500e+02   1.0000000e+00
  -7.9675232e-01  -8.1497805e-01   1.0388627e+00   1.0000000e+00   2.8570500e+02   4.3648700e+02   1.0000000e+00
  -7.8513755e-01  -8.6001332e-01   1.1087575e+00   1.0000000e+00   2.5998700e+02   4.6733700e+02   1.0000000e+00
  -7.6914410e-01  -8.9630985e-01   1.1738480e+00   1.0000000e+00   2.3876800e+02   4.9856100e+02   1.0000000e+00
  -7.6842226e-01  -9.2981695e-01   1.2325943e+00   1.0000000e+00   2.1740500e+02   5.2281000e+02   1.0000000e+00
  -7.8507128e-01  -9.6380462e-01   1.2780719e+00   1.0000000e+00   1.9450000e+02   5.3650000e+02   1.0000000e+00
  -8.0422690e-01  -9.9601558e-01   1.3184342e+00   1.0000000e+00   1.7174400e+02   5.4768900e+02   1.0000000e+00
  -8.2115596e-01  -1.0218573e+00   1.3572542e+00   1.0000000e+00   1.5229200e+02   5.5911500e+02   1.0000000e+00
  -8.2826981e-01  -1.0393046e+00   1.3917686e+00   1.0000000e+00   1.3792900e+02   5.7274700e+02   1.0000000e+00
  -8.3790760e-01  -9.7422184e-01   1.5068848e+00   1.0000000e+00   1.6631700e+02   6.2321200e+02   1.0000000e+00
  -8.4813631e-01  -9.1178452e-01   1.5205251e+00   1.0000000e+00   2.0347600e+02   6.2495100e+02   1.0000000e+00
  -8.5242001e-01  -8.3302449e-01   1.5210206e+00   1.0000000e+00   2.5104800e+02   6.2252400e+02   1.0000000e+00
  -8.4547201e-01  -7.4545076e-01   1.5133034e+00   1.0000000e+00   3.0489500e+02   6.1957100e+02   1.0000000e+00
  -8.2388647e-01  -6.5208701e-01   1.5043193e+00   1.0000000e+00   3.6176200e+02   6.2084200e+02   1.0000000e+00
  -7.9097627e-01  -5.5423150e-01   1.4933572e+00   1.0000000e+00   4.1985600e+02   6.2483500e+02   1.0000000e+00
  -7.5237847e-01  -2.2427560e-01   1.3961415e+00   1.0000000e+00   5.9905400e+02   5.8791300e+02   1.0000000e+00
  -7.6127154e-01  -1.6632957e-01   1.3590044e+00   1.0000000e+00   6.2800000e+02   5.6815100e+02   1.0000000e+00
  -7.6999590e-01  -1.1507942e-01   1.3274477e+00   1.0000000e+00   6.5314600e+02   5.5167400e+02   1.0000000e+00
  -7.7674427e-01  -6.6867793e-02   1.3021414e+00   1.0000000e+00   6.7674700e+02   5.3862100e+02   1.0000000e+00
  -7.8528959e-01  -1.9051947e-02   1.2777896e+00   1.0000000e+00   7.0005900e+02   5.2551800e+02   1.0000000e+00
  -7.9556217e-01   3.0335860e-02   1.2529742e+00   1.0000000e+00   7.2371400e+02   5.1170200e+02   1.0000000e+00
  -8.0127538e-01   8.2174898e-02   1.2294019e+00   1.0000000e+00   7.4814500e+02   5.0027700e+02   1.0000000e+00
  -8.0205549e-01   1.3357795e-01   1.2062105e+00   1.0000000e+00   7.7148800e+02   4.9068300e+02   1.0000000e+00
  -7.9547622e-01   1.9000019e-01   1.1838571e+00   1.0000000e+00   7.9609100e+02   4.8418200e+02   1.0000000e+00
  -7.9549636e-01   2.4181076e-01   1.1510596e+00   1.0000000e+00   8.1760500e+02   4.7147400e+02   1.0000000e+00
  -7.9036463e-01   2.9519561e-01   1.1055529e+00   1.0000000e+00   8.3718100e+02   4.5638900e+02   1.0000000e+00
  -7.7825708e-01   3.4958798e-01   1.0522360e+00   1.0000000e+00   8.5504400e+02   4.4129400e+02   1.0000000e+00
  -7.6199662e-01   4.0608965e-01   9.9266850e-01   1.0000000e+00   8.7200000e+02   4.2618500e+02   1.0000000e+00
  -7.4316993e-01   4.6466470e-01   9.3114610e-01   1.0000000e+00   8.8828600e+02   4.1200000e+02   1.0000000e+00
  -7.2275783e-01   5.2116747e-01   8.7187505e-01   1.0000000e+00   9.0306700e+02   3.9960000e+02   1.0000000e+00
  -7.0137012e-01   5.7903428e-01   8.1445675e-01   1.0000000e+00   9.1769100e+02   3.8861800e+02   1.0000000e+00
  -7.0337995e-01   6.3386063e-01   7.7329289e-01   1.0000000e+00   9.3554700e+02   3.7556600e+02   1.0000000e+00
  -7.1587158e-01   6.9110087e-01   7.4571711e-01   1.0000000e+00   9.5668600e+02   3.6378400e+02   1.0000000e+00
  -7.3381976e-01   7.4892959e-01   7.2342688e-01   1.0000000e+00   9.7930000e+02   3.5202000e+02   1.0000000e+00
  -7.5727840e-01   8.0587992e-01   7.0072362e-01   1.0000000e+00   1.0017800e+03   3.3816000e+02   1.0000000e+00
  -1.4080651e+00  -9.7652318e-01   4.9651360e-01   1.0000000e+00   1.8379100e+02   3.2388100e+00   1.0000000e+00
  -1.4188916e+00  -9.6610662e-01   6.2290921e-01   1.0000000e+00   1.7940500e+02   3.0928600e+01   1.0000000e+00
  -1.4210696e+00  -9.4556002e-01   6.8356922e-01   1.0000000e+00   1.8654200e+02   4.7289200e+01   1.0000000e+00
  -1.4199516e+00  -9.1720774e-01   7.3434491e-01   1.0000000e+00   1.9962900e+02   6.2966300e+01   1.0000000e+00
  -1.4176075e+00  -8.7945005e-01   7.7846720e-01   1.0000000e+00   2.1924700e+02   7.7946200e+01   1.0000000e+00
  -1.4177700e+00  -8.3486832e-01   8.1530768e-01   1.0000000e+00   2.4375300e+02   8.9824700e+01   1.0000000e+00
  -1.4189846e+00  -7.8596060e-01   8.4997691e-01   1.0000000e+00   2.7133300e+02   1.0060400e+02   1.0000000e+00
  -1.4229524e+00  -7.2695230e-01   8.8721548e-01   1.0000000e+00   3.0544600e+02   1.1099000e+02   1.0000000e+00
  -1.4249139e+00  -6.6927292e-01   9.1733649e-01   1.0000000e+00   3.3982900e+02   1.2054300e+02   1.0000000e+00
  -1.4274008e+00  -6.1396538e-01   9.4592731e-01   1.0000000e+00   3.7303700e+02   1.2935500e+02   1.0000000e+00
  -1.4325281e+00  -5.6176816e-01   9.7389815e-01   1.0000000e+00   4.0494400e+02   1.3659300e+02   1.0000000e+00
  -1.4394712e+00  -5.1319809e-01   1.0003674e+00   1.0000000e+00   4.3503700e+02   1.4245900e+02   1.0000000e+00
  -1.4432699e+00  -4.6143316e-01   1.0279976e+00   1.0000000e+00   4.6757400e+02   1.5053900e+02   1.0000000e+00
  -1.4436318e+00  -4.0635495e-01   1.0567609e+00   1.0000000e+00   5.0289700e+02   1.6118100e+02   1.0000000e+00
  -1.4421203e+00  -3.5102386e-01   1.0865448e+00   1.0000000e+00   5.3863000e+02   1.7346200e+02   1.0000000e+00
  -1.4400074e+00  -2.9161368e-01   1.1156398e+00   1.0000000e+00   5.7739400e+02   1.8595300e+02   1.0000000e+00
  -1.4473076e+00  -2.2750161e-01   1.1380979e+00   1.0000000e+00   6.1961200e+02   1.9107000e+02   1.0000000e+00
  -1.4540599e+00  -1.7573648e-01   1.1596500e+00   1.0000000e+00   6.5454300e+02   1.9611600e+02   1.0000000e+00
  -1.4535534e+00  -1.1692399e-01   1.1731343e+00   1.0000000e+00   6.9278900e+02   2.0218800e+02   1.0000000e+00
  -1.4516379e+00  -5.7107498e-02   1.1729923e+00   1.0000000e+00   7.3007100e+02   2.0410200e+02   1.0000000e+00
  -1.4497192e+00  -6.3702630e-03   1.1606501e+00   1.0000000e+00   7.5978200e+02   2.0118500e+02   1.0000000e+00
  -1.4445422e+00   4.1856025e-02   1.1413702e+00   1.0000000e+00   7.8647400e+02   1.9747400e+02   1.0000000e+00
  -1.4383741e+00   8.9120335e-02   1.1161756e+00   1.0000000e+00   8.1075200e+02   1.9218600e+02   1.0000000e+00
  -1.4346723e+00   1.3482268e-01   1.0852778e+00   1.0000000e+00   8.3300000e+02   1.8374100e+02   1.0000000e+00
  -1.4367908e+00   1.8029681e-01   1.0435989e+00   1.0000000e+00   8.5383200e+02   1.6892100e+02   1.0000000e+00
  -1.4350587e+00   2.2167264e-01   1.0001844e+00   1.0000000e+00   8.7076500e+02   1.5603100e+02   1.0000000e+00
  -1.4332330e+00   2.6710853e-01   9.5739502e-01   1.0000000e+00   8.8950500e+02   1.4376300e+02   1.0000000e+00
  -1.4345451e+00   3.1254734e-01   9.2339512e-01   1.0000000e+00   9.0932300e+02   1.3314000e+02   1.0000000e+00
  -1.4335143e+00   3.6122311e-01   8.9491729e-01   1.0000000e+00   9.3079100e+02   1.2584600e+02   1.0000000e+00
  -1.4272579e+00   4.1598260e-01   8.6723123e-01   1.0000000e+00   9.5410500e+02   1.2147700e+02   1.0000000e+00
  -1.4197070e+00   4.7509369e-01   8.4063028e-01   1.0000000e+00   9.7871100e+02   1.1854200e+02   1.0000000e+00
  -1.4137494e+00   5.3581135e-01   8.1679292e-01   1.0000000e+00   1.0043500e+03   1.1553200e+02   1.0000000e+00
  -1.4132110e+00   6.0062464e-01   7.9015553e-01   1.0000000e+00   1.0316500e+03   1.0930800e+02   1.0000000e+00
  -1.4231674e+00   6.6499917e-01   7.6427842e-01   1.0000000e+00   1.0598500e+03   9.9000000e+01   1.0000000e+00
  -1.4272761e+00  -4.9944690e-01   4.9675323e-01   1.0000000e+00   4.4091100e+02   2.0888900e+00   1.0000000e+00
  -1.4239907e+00  -5.5170630e-01   5.3649126e-01   1.0000000e+00   4.1297400e+02   1.1558400e+01   1.0000000e+00
  -1.4167990e+00  -6.0557723e-01   5.7748411e-01   1.0000000e+00   3.8375900e+02   2.4265100e+01   1.0000000e+00
  -1.4222037e+00  -6.6094004e-01   6.1418057e-01   1.0000000e+00   3.5248200e+02   3.1361400e+01   1.0000000e+00
  -1.4350266e+00  -7.1115133e-01   6.4589275e-01   1.0000000e+00   3.2277900e+02   3.2302300e+01   1.0000000e+00
  -1.4472019e+00  -7.5850710e-01   6.6247531e-01   1.0000000e+00   2.9440400e+02   2.9966300e+01   1.0000000e+00
  -1.4523046e+00  -8.0056092e-01   6.6614334e-01   1.0000000e+00   2.6946600e+02   2.7693200e+01   1.0000000e+00
  -1.0237271e+00   3.0524120e-01  -2.9545208e-01   1.0000000e+00   7.4286500e+02   1.4054100e+01   1.0000000e+00
  -9.8995334e-01   3.3996131e-01  -2.4305233e-01   1.0000000e+00   7.5661100e+02   3.6138900e+01   1.0000000e+00
  -9.6630633e-01   3.8412269e-01  -1.7773374e-01   1.0000000e+00   7.7577100e+02   5.7428600e+01   1.0000000e+00
  -9.5612025e-01   4.3572335e-01  -1.0796865e-01   1.0000000e+00   7.9916200e+02   7.5594600e+01   1.0000000e+00
  -9.5397538e-01   4.9039393e-01  -3.6757449e-02   1.0000000e+00   8.2500000e+02   9.1500000e+01   1.0000000e+00
  -9.5451465e-01   5.4654500e-01   3.2900372e-02   1.0000000e+00   8.5200000e+02   1.0675600e+02   1.0000000e+00
  -9.5927753e-01   5.9511624e-01   9.4032970e-02   1.0000000e+00   8.7650000e+02   1.1900000e+02   1.0000000e+00
  -9.6914742e-01   6.3455003e-01   1.4601528e-01   1.0000000e+00   8.9777800e+02   1.2753300e+02   1.0000000e+00
  -9.8243989e-01   6.6395172e-01   1.8901228e-01   1.0000000e+00   9.1493200e+02   1.3295500e+02   1.0000000e+00
  -9.9366832e-01   6.8110406e-01   2.2709004e-01   1.0000000e+00   9.2693200e+02   1.3795500e+02   1.0000000e+00
  -1.0028617e+00   6.8982311e-01   2.6179464e-01   1.0000000e+00   9.3521700e+02   1.4276100e+02   1.0000000e+00
  -1.0099449e+00   6.9256828e-01   2.9507106e-01   1.0000000e+00   9.4100000e+02   1.4800000e+02   1.0000000e+00
  -1.0150237e+00   6.8753156e-01   3.3032504e-01   1.0000000e+00   9.4385100e+02   1.5442600e+02   1.0000000e+00
  -1.0200599e+00   6.7161287e-01   3.6912313e-01   1.0000000e+00   9.4267300e+02   1.6157100e+02   1.0000000e+00
  -1.0281925e+00   6.4400874e-01   4.1088356e-01   1.0000000e+00   9.3768600e+02   1.6843100e+02   1.0000000e+00
  -1.0384591e+00   6.0682084e-01   4.5414120e-01   1.0000000e+00   9.2898000e+02   1.7494100e+02   1.0000000e+00
  -1.0465465e+00   5.6428113e-01   4.9481376e-01   1.0000000e+00   9.1732100e+02   1.8158500e+02   1.0000000e+00
  -1.0529148e+00   5.2183151e-01   5.3491524e-01   1.0000000e+00   9.0494700e+02   1.8905300e+02   1.0000000e+00
  -1.0595915e+00   4.8740918e-01   5.7306796e-01   1.0000000e+00   8.9552500e+02   1.9606800e+02   1.0000000e+00
  -1.0660686e+00   4.5373057e-01   6.1273083e-01   1.0000000e+00   8.8618600e+02   2.0371200e+02   1.0000000e+00
  -1.0730154e+00   4.1784944e-01   6.5142238e-01   1.0000000e+00   8.7573300e+02   2.1120000e+02   1.0000000e+00
  -1.0804630e+00   3.8010423e-01   6.8768030e-01   1.0000000e+00   8.6384400e+02   2.1806300e+02   1.0000000e+00
  -1.0860615e+00   3.3978008e-01   7.2476363e-01   1.0000000e+00   8.5020000e+02   2.2610800e+02   1.0000000e+00
  -1.0874445e+00   2.9534741e-01   7.6640075e-01   1.0000000e+00   8.3450000e+02   2.3750000e+02   1.0000000e+00
  -1.0806248e+00   2.4511810e-01   8.1797100e-01   1.0000000e+00   8.1561100e+02   2.5530600e+02   1.0000000e+00
  -1.0619342e+00   1.8732863e-01   8.7812053e-01   1.0000000e+00   7.9200000e+02   2.8100000e+02   1.0000000e+00
  -1.0259584e+00   1.2315347e-01   9.3597494e-01   1.0000000e+00   7.6284400e+02   3.1355800e+02   1.0000000e+00
  -9.8814424e-01   4.6357293e-02   9.8814525e-01   1.0000000e+00   7.2602700e+02   3.4544000e+02   1.0000000e+00
  -9.6123047e-01  -4.2005276e-02   1.0212754e+00   1.0000000e+00   6.8244200e+02   3.6697400e+02   1.0000000e+00
  -9.4873412e-01  -1.3526395e-01   1.0362430e+00   1.0000000e+00   6.3538500e+02   3.7712800e+02   1.0000000e+00
  -9.4576530e-01  -2.2976808e-01   1.0354996e+00   1.0000000e+00   5.8675600e+02   3.7833300e+02   1.0000000e+00
  -9.4587230e-01  -3.2904180e-01   1.0220648e+00   1.0000000e+00   5.3512800e+02   3.7361500e+02   1.0000000e+00
  -9.4612788e-01  -4.3102921e-01   9.9763983e-01   1.0000000e+00   4.8155700e+02   3.6515200e+02   1.0000000e+00
  -9.4476277e-01  -5.3281452e-01   9.6119219e-01   1.0000000e+00   4.2837700e+02   3.5306500e+02   1.0000000e+00
  -9.2910106e-01  -6.3060118e-01   9.1924614e-01   1.0000000e+00   3.7823700e+02   3.4467500e+02   1.0000000e+00
  -9.0492638e-01  -7.1824047e-01   8.7395192e-01   1.0000000e+00   3.3493200e+02   3.3871600e+02   1.0000000e+00
  -8.8133270e-01  -7.8994009e-01   8.3060066e-01   1.0000000e+00   3.0097300e+02   3.3344000e+02   1.0000000e+00
  -8.6226741e-01  -8.5085482e-01   7.9052334e-01   1.0000000e+00   2.7294500e+02   3.2753400e+02   1.0000000e+00
  -8.5329762e-01  -9.0461400e-01   7.5106843e-01   1.0000000e+00   2.4856200e+02   3.1835600e+02   1.0000000e+00
  -8.5338187e-01  -9.5164200e-01   7.1359148e-01   1.0000000e+00   2.2724300e+02   3.0662900e+02   1.0000000e+00
  -8.5352123e-01  -9.9627163e-01   6.8061146e-01   1.0000000e+00   2.0723900e+02   2.9643300e+02   1.0000000e+00
  -8.5023712e-01  -1.0409050e+00   6.4751402e-01   1.0000000e+00   1.8788100e+02   2.8780600e+02   1.0000000e+00
  -8.4424032e-01  -1.0807590e+00   6.1055498e-01   1.0000000e+00   1.7177300e+02   2.7842400e+02   1.0000000e+00
  -8.4252271e-01  -1.1083117e+00   5.6003843e-01   1.0000000e+00   1.6204900e+02   2.6444300e+02   1.0000000e+00
  -8.4200898e-01  -1.1234204e+00   4.9319093e-01   1.0000000e+00   1.5906300e+02   2.4569800e+02   1.0000000e+00
  -8.3280397e-01  -1.1331816e+00   4.1064835e-01   1.0000000e+00   1.6064900e+02   2.2645600e+02   1.0000000e+00
  -8.1150185e-01  -1.1352779e+00   3.1751363e-01   1.0000000e+00   1.6717500e+02   2.0956100e+02   1.0000000e+00
  -7.8539219e-01  -1.1236428e+00   2.2375221e-01   1.0000000e+00   1.7968600e+02   1.9521600e+02   1.0000000e+00
  -7.6707470e-01  -1.1077054e+00   1.3497375e-01   1.0000000e+00   1.9255600e+02   1.8006700e+02   1.0000000e+00
  -7.5730456e-01  -1.0882977e+00   5.3818180e-02   1.0000000e+00   2.0523900e+02   1.6456500e+02   1.0000000e+00
  -7.4147561e-01  -1.0640066e+00  -2.4978317e-02   1.0000000e+00   2.1976200e+02   1.5214300e+02   1.0000000e+00
  -7.2462353e-01  -1.0408315e+00  -9.7203038e-02   1.0000000e+00   2.3282500e+02   1.4222500e+02   1.0000000e+00
  -7.0965332e-01  -1.0221349e+00  -1.6190090e-01   1.0000000e+00   2.4322900e+02   1.3357100e+02   1.0000000e+00
  -6.9598502e-01  -1.0055279e+00  -2.2131667e-01   1.0000000e+00   2.5250000e+02   1.2583300e+02   1.0000000e+00
  -6.8842766e-01  -9.8989971e-01  -2.7376915e-01   1.0000000e+00   2.6050000e+02   1.1764700e+02   1.0000000e+00
  -6.8634541e-01  -9.7674738e-01  -3.2021725e-01   1.0000000e+00   2.6677100e+02   1.0942900e+02   1.0000000e+00
  -6.8018531e-01  -9.6781439e-01  -3.7483949e-01   1.0000000e+00   2.7209100e+02   1.0069700e+02   1.0000000e+00
  -6.6861581e-01  -9.6114741e-01  -4.3356617e-01   1.0000000e+00   2.7654800e+02   9.3419400e+01   1.0000000e+00
  -6.5666242e-01  -9.5147557e-01  -4.8829755e-01   1.0000000e+00   2.8150000e+02   8.6785700e+01   1.0000000e+00
  -6.4194474e-01  -9.3831418e-01  -5.3698380e-01   1.0000000e+00   2.8850000e+02   8.2785700e+01   1.0000000e+00
  -6.2782870e-01  -9.0721065e-01  -5.7829906e-01   1.0000000e+00   3.0039300e+02   7.9821400e+01   1.0000000e+00
  -6.1926814e-01  -8.6106462e-01  -6.1587589e-01   1.0000000e+00   3.1775000e+02   7.6321400e+01   1.0000000e+00
  -6.1441251e-01  -8.0185706e-01  -6.4620480e-01   1.0000000e+00   3.3850000e+02   7.3000000e+01   1.0000000e+00
  -6.0798927e-01  -7.3340290e-01  -6.7074840e-01   1.0000000e+00   3.6209100e+02   7.1090900e+01   1.0000000e+00
  -6.0360588e-01  -6.5668744e-01  -6.9006545e-01   1.0000000e+00   3.8796000e+02   6.9600000e+01   1.0000000e+00
  -6.0127308e-01  -5.7921918e-01  -7.0837530e-01   1.0000000e+00   4.1378300e+02   6.7913000e+01   1.0000000e+00
  -6.0251117e-01  -5.0225868e-01  -7.2628608e-01   1.0000000e+00   4.3913000e+02   6.5217400e+01   1.0000000e+00
  -6.0097519e-01  -4.1452344e-01  -7.4532904e-01   1.0000000e+00   4.6761500e+02   6.3153800e+01   1.0000000e+00
  -6.0945706e-01  -3.2704529e-01  -7.5542863e-01   1.0000000e+00   4.9591300e+02   5.9782600e+01   1.0000000e+00
  -6.2435523e-01  -2.4591552e-01  -7.5929905e-01   1.0000000e+00   5.2204000e+02   5.5400000e+01   1.0000000e+00
  -6.3889238e-01  -1.7149206e-01  -7.6147453e-01   1.0000000e+00   5.4600000e+02   5.1500000e+01   1.0000000e+00
  -6.4927799e-01  -1.0056470e-01  -7.6214439e-01   1.0000000e+00   5.6908700e+02   4.9217400e+01   1.0000000e+00
  -6.5718635e-01  -2.9060718e-02  -7.5928832e-01   1.0000000e+00   5.9200000e+02   4.8000000e+01   1.0000000e+00
  -6.6584799e-01   4.4404669e-02  -7.5097327e-01   1.0000000e+00   6.1576000e+02   4.7680000e+01   1.0000000e+00
  -6.7345094e-01   1.2248600e-01  -7.3771600e-01   1.0000000e+00   6.4104000e+02   4.8400000e+01   1.0000000e+00
  -6.7949006e-01   2.0540665e-01  -7.1957027e-01   1.0000000e+00   6.6824000e+02   5.0480000e+01   1.0000000e+00
  -6.8116321e-01   2.8203727e-01  -6.9653831e-01   1.0000000e+00   6.9376000e+02   5.4680000e+01   1.0000000e+00
  -6.7176050e-01   3.5575769e-01  -6.6735963e-01   1.0000000e+00   7.1800000e+02   6.3291700e+01   1.0000000e+00
  -6.6561054e-01   4.2943922e-01  -6.2455542e-01   1.0000000e+00   7.4300000e+02   7.3291700e+01   1.0000000e+00
  -6.6610812e-01   5.0130105e-01  -5.7282298e-01   1.0000000e+00   7.6896000e+02   8.2600000e+01   1.0000000e+00
  -6.6943889e-01   5.6844063e-01  -5.1182722e-01   1.0000000e+00   7.9448200e+02   9.3111100e+01   1.0000000e+00
  -6.7689455e-01   6.2966099e-01  -4.4196024e-01   1.0000000e+00   8.1918500e+02   1.0407400e+02   1.0000000e+00
  -6.8540973e-01   6.8502548e-01  -3.6804173e-01   1.0000000e+00   8.4321400e+02   1.1550000e+02   1.0000000e+00
  -6.8950018e-01   7.3884654e-01  -2.9159537e-01   1.0000000e+00   8.6696700e+02   1.2940000e+02   1.0000000e+00
  -6.9033760e-01   7.8831164e-01  -2.1139478e-01   1.0000000e+00   8.8997100e+02   1.4491200e+02   1.0000000e+00
  -7.0125625e-01   8.2881552e-01  -1.3543691e-01   1.0000000e+00   9.1135500e+02   1.5725800e+02   1.0000000e+00
  -7.1754787e-01   8.6490232e-01  -6.9460756e-02   1.0000000e+00   9.3120600e+02   1.6608800e+02   1.0000000e+00
  -7.3297155e-01   8.9761629e-01  -6.4790147e-03   1.0000000e+00   9.5026500e+02   1.7476500e+02   1.0000000e+00
  -7.4975993e-01   9.2346137e-01   5.5258230e-02   1.0000000e+00   9.6742900e+02   1.8294300e+02   1.0000000e+00
  -7.5888306e-01   9.4577163e-01   1.1755124e-01   1.0000000e+00   9.8297200e+02   1.9391700e+02   1.0000000e+00
  -7.5426760e-01   9.6837111e-01   1.8315185e-01   1.0000000e+00   9.9787200e+02   2.1012800e+02   1.0000000e+00
  -7.4336269e-01   9.8584567e-01   2.4582874e-01   1.0000000e+00   1.0098900e+03   2.2797300e+02   1.0000000e+00
  -7.2664381e-01   9.9666278e-01   3.1147325e-01   1.0000000e+00   1.0195300e+03   2.4858300e+02   1.0000000e+00
  -7.0911135e-01   9.9336012e-01   3.8383424e-01   1.0000000e+00   1.0248000e+03   2.7107500e+02   1.0000000e+00
  -7.0073228e-01   9.7095688e-01   4.6001001e-01   1.0000000e+00   1.0251000e+03   2.9226800e+02   1.0000000e+00
  -7.0338472e-01   9.3089278e-01   5.3471115e-01   1.0000000e+00   1.0203200e+03   3.1020500e+02   1.0000000e+00
  -7.1020852e-01   8.7792214e-01   6.0674576e-01   1.0000000e+00   1.0107200e+03   3.2693000e+02   1.0000000e+00
  -7.1724918e-01   8.2024228e-01   6.7345234e-01   1.0000000e+00   9.9850000e+02   3.4300000e+02   1.0000000e+00
  -7.2398934e-01   7.6277120e-01   7.3513401e-01   1.0000000e+00   9.8483000e+02   3.5802100e+02   1.0000000e+00
  -7.3590080e-01   7.0453299e-01   7.9131899e-01   1.0000000e+00   9.7046000e+02   3.7078000e+02   1.0000000e+00
  -7.4975909e-01   6.5280569e-01   8.4101317e-01   1.0000000e+00   9.5756600e+02   3.8145300e+02   1.0000000e+00
  -7.5650980e-01   6.0775349e-01   8.9109651e-01   1.0000000e+00   9.4623200e+02   3.9460700e+02   1.0000000e+00
  -7.6387047e-01   5.6479295e-01   9.4123158e-01   1.0000000e+00   9.3522400e+02   4.0837900e+02   1.0000000e+00
  -7.7321728e-01   5.2096500e-01   9.8961002e-01   1.0000000e+00   9.2350000e+02   4.2113800e+02   1.0000000e+00
  -7.7586619e-01   4.7629800e-01   1.0388296e+00   1.0000000e+00   9.1022600e+02   4.3682300e+02   1.0000000e+00
  -7.7201888e-01   4.3240923e-01   1.0872539e+00   1.0000000e+00   8.9600000e+02   4.5488100e+02   1.0000000e+00
  -7.7123093e-01   3.8178923e-01   1.1325325e+00   1.0000000e+00   8.7818500e+02   4.7169200e+02   1.0000000e+00
  -7.7767295e-01   3.1875591e-01   1.1628217e+00   1.0000000e+00   8.5320600e+02   4.8063200e+02   1.0000000e+00
  -7.8784302e-01   2.4559808e-01   1.1820446e+00   1.0000000e+00   8.2192900e+02   4.8500000e+02   1.0000000e+00
  -8.0770309e-01   1.6838395e-01   1.1930401e+00   1.0000000e+00   7.8800000e+02   4.8350000e+02   1.0000000e+00
  -8.2854281e-01   9.0730645e-02   1.2027394e+00   1.0000000e+00   7.5259700e+02   4.8066200e+02   1.0000000e+00
  -8.3939752e-01   7.4668791e-03   1.2134934e+00   1.0000000e+00   7.1287200e+02   4.8161500e+02   1.0000000e+00
  -8.3679242e-01  -8.3025597e-02   1.2246027e+00   1.0000000e+00   6.6727200e+02   4.8755600e+02   1.0000000e+00
  -8.2307979e-01  -1.8130157e-01   1.2327394e+00   1.0000000e+00   6.1640200e+02   4.9631700e+02   1.0000000e+00
  -8.2115254e-01  -2.6761583e-01   1.2314396e+00   1.0000000e+00   5.7126800e+02   4.9720700e+02   1.0000000e+00
  -8.2972305e-01  -3.3845722e-01   1.2307653e+00   1.0000000e+00   5.3431700e+02   4.9459800e+02   1.0000000e+00
  -8.3557151e-01  -4.0355141e-01   1.2290631e+00   1.0000000e+00   4.9971100e+02   4.9254200e+02   1.0000000e+00
  -8.4070898e-01  -4.6513899e-01   1.2218827e+00   1.0000000e+00   4.6660700e+02   4.8839300e+02   1.0000000e+00
  -8.4545781e-01  -5.2477481e-01   1.2109299e+00   1.0000000e+00   4.3448200e+02   4.8294100e+02   1.0000000e+00
  -8.4332740e-01  -5.8750202e-01   1.1981901e+00   1.0000000e+00   4.0059300e+02   4.7919800e+02   1.0000000e+00
  -8.3356932e-01  -6.5317561e-01   1.1805675e+00   1.0000000e+00   3.6563500e+02   4.7644700e+02   1.0000000e+00
  -8.2145375e-01  -7.1266728e-01   1.1575168e+00   1.0000000e+00   3.3464800e+02   4.7209100e+02   1.0000000e+00
  -7.9912092e-01  -7.7274990e-01   1.1366490e+00   1.0000000e+00   3.0428600e+02   4.7234500e+02   1.0000000e+00
  -7.8089275e-01  -8.2897867e-01   1.1011260e+00   1.0000000e+00   2.7677400e+02   4.6554800e+02   1.0000000e+00
  -7.7330072e-01  -8.7948863e-01   1.0448567e+00   1.0000000e+00   2.5340500e+02   4.4767900e+02   1.0000000e+00
  -7.6799823e-01  -9.2352861e-01   9.7611747e-01   1.0000000e+00   2.3444400e+02   4.2472800e+02   1.0000000e+00
  -7.6375784e-01  -9.6174873e-01   8.9570906e-01   1.0000000e+00   2.1954500e+02   3.9845500e+02   1.0000000e+00
  -7.5946851e-01  -9.9277163e-01   8.1100368e-01   1.0000000e+00   2.0924700e+02   3.7149300e+02   1.0000000e+00
  -7.4798025e-01  -1.0231622e+00   7.2728913e-01   1.0000000e+00   1.9991000e+02   3.4891000e+02   1.0000000e+00
  -7.2869556e-01  -1.0559757e+00   6.4087113e-01   1.0000000e+00   1.9110800e+02   3.2880000e+02   1.0000000e+00
  -7.2425783e-01  -1.0804249e+00   5.4878265e-01   1.0000000e+00   1.8439300e+02   3.0355700e+02   1.0000000e+00
  -7.3649824e-01  -1.0987585e+00   4.6907982e-01   1.0000000e+00   1.7980300e+02   2.7688500e+02   1.0000000e+00
  -7.4664011e-01  -1.1189299e+00   3.9920785e-01   1.0000000e+00   1.7382500e+02   2.5443900e+02   1.0000000e+00
  -7.5670276e-01  -1.1408713e+00   3.3453779e-01   1.0000000e+00   1.6800000e+02   2.3332100e+02   1.0000000e+00
  -7.6817785e-01  -1.1550801e+00   2.6986263e-01   1.0000000e+00   1.6382400e+02   2.1315700e+02   1.0000000e+00
  -7.6976979e-01  -1.1709111e+00   2.0678987e-01   1.0000000e+00   1.6150000e+02   1.9636000e+02   1.0000000e+00
  -7.6776930e-01  -1.1851931e+00   1.4239227e-01   1.0000000e+00   1.5942900e+02   1.8132700e+02   1.0000000e+00
  -7.6814342e-01  -1.1921261e+00   8.8078912e-02   1.0000000e+00   1.5966000e+02   1.6834000e+02   1.0000000e+00
  -7.7073771e-01  -1.1926178e+00   2.7453707e-02   1.0000000e+00   1.6225000e+02   1.5379500e+02   1.0000000e+00
  -7.7701019e-01  -1.1791296e+00  -3.8770635e-02   1.0000000e+00   1.7117500e+02   1.3670000e+02   1.0000000e+00
  -7.8553761e-01  -1.1583311e+00  -1.0727076e-01   1.0000000e+00   1.8305000e+02   1.1907500e+02   1.0000000e+00
  -7.9135314e-01  -1.1351893e+00  -1.7415615e-01   1.0000000e+00   1.9512800e+02   1.0312800e+02   1.0000000e+00
  -7.9365423e-01  -1.1122399e+00  -2.3830319e-01   1.0000000e+00   2.0713900e+02   8.9388900e+01   1.0000000e+00
  -7.9368952e-01  -1.0897888e+00  -3.0439728e-01   1.0000000e+00   2.1850000e+02   7.6500000e+01   1.0000000e+00
  -7.9173346e-01  -1.0634037e+00  -3.6887819e-01   1.0000000e+00   2.3136700e+02   6.4633300e+01   1.0000000e+00
  -7.9296506e-01  -1.0397522e+00  -4.3347733e-01   1.0000000e+00   2.4250000e+02   5.2500000e+01   1.0000000e+00
  -7.9807886e-01  -1.0274153e+00  -4.9233836e-01   1.0000000e+00   2.4886700e+02   3.9766700e+01   1.0000000e+00
  -8.0328198e-01  -1.0244653e+00  -5.5007776e-01   1.0000000e+00   2.5158100e+02   2.7741900e+01   1.0000000e+00
  -8.0817486e-01  -1.0227700e+00  -6.0790659e-01   1.0000000e+00   2.5380800e+02   1.6192300e+01   1.0000000e+00
  -8.0986782e-01  -1.0241000e+00  -6.6429997e-01   1.0000000e+00   2.5520000e+02   5.9200000e+00   1.0000000e+00
  -7.1953474e-01   1.6562719e-01  -9.2118177e-01   1.0000000e+00   6.4917400e+02   7.0000000e+00   1.0000000e+00
  -7.1864796e-01   2.4190360e-01  -9.0415767e-01   1.0000000e+00   6.7342900e+02   1.0761900e+01   1.0000000e+00
  -7.0922432e-01   3.1314284e-01  -8.8479644e-01   1.0000000e+00   6.9576200e+02   1.7381000e+01   1.0000000e+00
  -6.9813185e-01   3.8628226e-01  -8.6310815e-01   1.0000000e+00   7.1881000e+02   2.4857100e+01   1.0000000e+00
  -6.9306264e-01   4.5706043e-01  -8.2614518e-01   1.0000000e+00   7.4200000e+02   3.3000000e+01   1.0000000e+00
  -6.9165721e-01   5.2569084e-01  -7.8075138e-01   1.0000000e+00   7.6527300e+02   4.1500000e+01   1.0000000e+00
  -6.9451849e-01   5.8841968e-01  -7.2991266e-01   1.0000000e+00   7.8787500e+02   4.9666700e+01   1.0000000e+00
  -6.9975916e-01   6.4564092e-01  -6.7102548e-01   1.0000000e+00   8.0960900e+02   5.8521700e+01   1.0000000e+00
  -7.0488784e-01   7.0091561e-01  -6.0494860e-01   1.0000000e+00   8.3176000e+02   6.8680000e+01   1.0000000e+00
  -7.0905149e-01   7.5576320e-01  -5.3462900e-01   1.0000000e+00   8.5438500e+02   8.0153800e+01   1.0000000e+00
  -7.1151551e-01   8.0980935e-01  -4.6092380e-01   1.0000000e+00   8.7750000e+02   9.2785700e+01   1.0000000e+00
  -7.1973525e-01   8.6131186e-01  -3.8768727e-01   1.0000000e+00   9.0050000e+02   1.0421400e+02   1.0000000e+00
  -7.4824678e-01   9.4756979e-01  -2.6750261e-01   1.0000000e+00   9.4213300e+02   1.1876700e+02   1.0000000e+00
