  -1.1699113e+00  -9.8162944e-01  -7.4672501e-01   1.0000000e+00   7.2800000e+02   2.9400000e+02   1.0000000e+00
  -1.2202984e+00  -9.1534868e-01  -6.8296775e-01   1.0000000e+00   7.1612800e+02   2.8812800e+02   1.0000000e+00
  -1.3017673e+00  -7.9097119e-01  -5.9367974e-01   1.0000000e+00   7.0276200e+02   2.7785700e+02   1.0000000e+00
  -1.3201978e+00  -7.2507912e-01  -5.5629363e-01   1.0000000e+00   7.0000000e+02   2.8000000e+02   1.0000000e+00
  -1.3255773e+00  -6.5305058e-01  -5.2393953e-01   1.0000000e+00   7.0057100e+02   2.8632700e+02   1.0000000e+00
  -1.3270969e+00  -5.7873316e-01  -5.0169740e-01   1.0000000e+00   7.0536000e+02   2.9350000e+02   1.0000000e+00
  -1.3316678e+00  -5.0802962e-01  -4.9407502e-01   1.0000000e+00   7.1441500e+02   2.9832100e+02   1.0000000e+00
  -1.3372178e+00  -4.4125125e-01  -4.9485361e-01   1.0000000e+00   7.2637000e+02   3.0150000e+02   1.0000000e+00
  -1.3414968e+00  -3.7907191e-01  -4.9442938e-01   1.0000000e+00   7.3750900e+02   3.0521100e+02   1.0000000e+00
  -1.3472734e+00  -3.1364893e-01  -4.8246364e-01   1.0000000e+00   7.4525800e+02   3.1006500e+02   1.0000000e+00
  -1.3514988e+00  -2.4752225e-01  -4.6968516e-01   1.0000000e+00   7.5323400e+02   3.1595300e+02   1.0000000e+00
  -1.3494337e+00  -1.8781528e-01  -4.6297946e-01   1.0000000e+00   7.6300000e+02   3.2311900e+02   1.0000000e+00
  -1.3404927e+00  -1.3682386e-01  -4.6232039e-01   1.0000000e+00   7.7400000e+02   3.3200000e+02   1.0000000e+00
  -1.3258054e+00  -9.0189137e-02  -4.5985849e-01   1.0000000e+00   7.8410000e+02   3.4328600e+02   1.0000000e+00
  -1.3097508e+00  -4.7675319e-02  -4.5430178e-01   1.0000000e+00   7.9226000e+02   3.5523300e+02   1.0000000e+00
  -1.3013776e+00  -1.7591834e-02  -4.5196621e-01   1.0000000e+00   7.9867100e+02   3.6267100e+02   1.0000000e+00
  -1.3052150e+00  -8.4210095e-04  -4.5971887e-01   1.0000000e+00   8.0534700e+02   3.6194700e+02   1.0000000e+00
  -1.3116143e+00   2.0506209e-02  -4.7095261e-01   1.0000000e+00   8.1434700e+02   3.6005300e+02   1.0000000e+00
  -1.3111453e+00   5.0342986e-02  -4.8143752e-01   1.0000000e+00   8.2562300e+02   3.6237700e+02   1.0000000e+00
  -1.3022691e+00   7.9321023e-02  -4.9739379e-01   1.0000000e+00   8.3954400e+02   3.6745600e+02   1.0000000e+00
  -1.2895017e+00   9.8802521e-02  -5.2390384e-01   1.0000000e+00   8.5563600e+02   3.7175300e+02   1.0000000e+00
  -1.2711158e+00   1.1249744e-01  -5.6119384e-01   1.0000000e+00   8.7456400e+02   3.7634600e+02   1.0000000e+00
  -1.2466102e+00   1.2225993e-01  -6.0923488e-01   1.0000000e+00   8.9685700e+02   3.8158400e+02   1.0000000e+00
  -1.2157818e+00   1.2869235e-01  -6.6814154e-01   1.0000000e+00   9.2225300e+02   3.8748000e+02   1.0000000e+00
  -1.1783565e+00   1.3074263e-01  -7.3334388e-01   1.0000000e+00   9.4840300e+02   3.9481900e+02   1.0000000e+00
  -1.1400454e+00   1.2451444e-01  -7.9568312e-01   1.0000000e+00   9.7039700e+02   4.0191200e+02   1.0000000e+00
  -1.1105610e+00   1.1149430e-01  -8.3854077e-01   1.0000000e+00   9.8289600e+02   4.0671600e+02   1.0000000e+00
  -1.0897819e+00   9.4589071e-02  -8.6206794e-01   1.0000000e+00   9.8698600e+02   4.0981200e+02   1.0000000e+00
  -1.0749971e+00   7.5094774e-02  -8.7165446e-01   1.0000000e+00   9.8533800e+02   4.1187700e+02   1.0000000e+00
  -1.0650516e+00   5.3213037e-02  -8.6717849e-01   1.0000000e+00   9.7819000e+02   4.1371400e+02   1.0000000e+00
  -1.0581437e+00   2.6201700e-02  -8.4451779e-01   1.0000000e+00   9.6378500e+02   4.1569200e+02   1.0000000e+00
  -1.0534347e+00  -6.9888077e-03  -8.0644101e-01   1.0000000e+00   9.4209200e+02   4.1803100e+02   1.0000000e+00
  -1.0489458e+00  -4.4027627e-02  -7.6019688e-01   1.0000000e+00   9.1723400e+02   4.2090600e+02   1.0000000e+00
  -1.0420535e+00  -8.7018324e-02  -7.1065747e-01   1.0000000e+00   8.9000000e+02   4.2450000e+02   1.0000000e+00
  -1.0339970e+00  -1.4168061e-01  -6.5616215e-01   1.0000000e+00   8.5900000e+02   4.2750000e+02   1.0000000e+00
  -1.0232827e+00  -2.0680201e-01  -5.9735214e-01   1.0000000e+00   8.2495200e+02   4.3085500e+02   1.0000000e+00
  -1.0160296e+00  -2.7643277e-01  -5.4386104e-01   1.0000000e+00   7.9254500e+02   4.3165500e+02   1.0000000e+00
  -1.0134330e+00  -3.3436559e-01  -5.0298338e-01   1.0000000e+00   7.6754500e+02   4.3065500e+02   1.0000000e+00
  -1.0167900e+00  -3.8510664e-01  -4.6845730e-01   1.0000000e+00   7.4607300e+02   4.2765500e+02   1.0000000e+00
  -1.0258256e+00  -4.3050518e-01  -4.3326231e-01   1.0000000e+00   7.2550000e+02   4.2350000e+02   1.0000000e+00
  -1.0388627e+00  -4.7063947e-01  -3.9854326e-01   1.0000000e+00   7.0600000e+02   4.1837000e+02   1.0000000e+00
  -1.0516062e+00  -5.0964930e-01  -3.6259463e-01   1.0000000e+00   6.8656900e+02   4.1368600e+02   1.0000000e+00
  -1.0605108e+00  -5.5141899e-01  -3.2180116e-01   1.0000000e+00   6.6550000e+02   4.1064000e+02   1.0000000e+00
  -1.0611542e+00  -5.9946294e-01  -2.7531473e-01   1.0000000e+00   6.4242900e+02   4.1067300e+02   1.0000000e+00
  -1.0568420e+00  -6.5606090e-01  -2.2609640e-01   1.0000000e+00   6.1789100e+02   4.1169600e+02   1.0000000e+00
  -1.0458938e+00  -7.0996739e-01  -1.7522769e-01   1.0000000e+00   5.9431900e+02   4.1542600e+02   1.0000000e+00
  -1.0347442e+00  -7.6540285e-01  -1.1528128e-01   1.0000000e+00   5.6800000e+02   4.2000000e+02   1.0000000e+00
  -1.0373678e+00  -8.0613270e-01  -4.1475327e-02   1.0000000e+00   5.3841900e+02   4.2302300e+02   1.0000000e+00
  -1.0495149e+00  -8.2944572e-01   3.9070850e-02   1.0000000e+00   5.0765200e+02   4.2550000e+02   1.0000000e+00
  -1.0572167e+00  -8.4148053e-01   1.2226349e-01   1.0000000e+00   4.7755600e+02   4.3093300e+02   1.0000000e+00
  -1.0571479e+00  -8.4045227e-01   2.0808830e-01   1.0000000e+00   4.4800000e+02   4.4100000e+02   1.0000000e+00
  -1.0498072e+00  -8.2803192e-01   2.9805986e-01   1.0000000e+00   4.1850000e+02   4.5513000e+02   1.0000000e+00
  -1.0369210e+00  -8.1071812e-01   3.9329632e-01   1.0000000e+00   3.8750000e+02   4.7300000e+02   1.0000000e+00
  -1.0236831e+00  -7.9158650e-01   4.8982737e-01   1.0000000e+00   3.5545800e+02   4.9139600e+02   1.0000000e+00
  -1.0087254e+00  -7.7219030e-01   5.8705278e-01   1.0000000e+00   3.2291300e+02   5.1100000e+02   1.0000000e+00
  -1.0039882e+00  -7.5589574e-01   6.6626480e-01   1.0000000e+00   2.9508700e+02   5.2500000e+02   1.0000000e+00
  -1.0134599e+00  -7.4029512e-01   7.2865134e-01   1.0000000e+00   2.7155600e+02   5.3193300e+02   1.0000000e+00
  -1.0342106e+00  -7.2227268e-01   7.8100109e-01   1.0000000e+00   2.4982200e+02   5.3415600e+02   1.0000000e+00
  -1.0617223e+00  -7.0251995e-01   8.2062229e-01   1.0000000e+00   2.3191300e+02   5.3300000e+02   1.0000000e+00
  -1.0870648e+00  -6.8358595e-01   8.5160203e-01   1.0000000e+00   2.1725000e+02   5.3100000e+02   1.0000000e+00
  -1.1042285e+00  -6.6805454e-01   8.8327194e-01   1.0000000e+00   2.0297900e+02   5.3156300e+02   1.0000000e+00
  -1.1151961e+00  -6.5333500e-01   9.2094818e-01   1.0000000e+00   1.8675000e+02   5.3500000e+02   1.0000000e+00
  -1.1194341e+00  -6.3130745e-01   9.6717203e-01   1.0000000e+00   1.6768000e+02   5.4314000e+02   1.0000000e+00
  -1.1265527e+00  -5.8788072e-01   1.0205579e+00   1.0000000e+00   1.4525000e+02   5.5500000e+02   1.0000000e+00
  -1.1329905e+00  -5.2296376e-01   1.0660394e+00   1.0000000e+00   1.2561500e+02   5.7025000e+02   1.0000000e+00
  -1.1329292e+00  -4.4537304e-01   1.1035188e+00   1.0000000e+00   1.0959600e+02   5.8951900e+02   1.0000000e+00
  -1.1225624e+00  -3.5836915e-01   1.1306443e+00   1.0000000e+00   9.9472700e+01   6.1421800e+02   1.0000000e+00
  -1.1048370e+00  -2.6785025e-01   1.1481411e+00   1.0000000e+00   9.5216700e+01   6.4248300e+02   1.0000000e+00
  -1.0833615e+00  -1.7615969e-01   1.1561759e+00   1.0000000e+00   9.5127000e+01   6.7233300e+02   1.0000000e+00
  -1.0571792e+00  -9.1292309e-02   1.1548677e+00   1.0000000e+00   1.0061900e+02   7.0249200e+02   1.0000000e+00
  -1.0323404e+00  -1.2408795e-02   1.1500142e+00   1.0000000e+00   1.0801500e+02   7.3136400e+02   1.0000000e+00
  -1.0245765e+00   5.3624332e-02   1.1419207e+00   1.0000000e+00   1.1407100e+02   7.5060000e+02   1.0000000e+00
  -1.0293513e+00   1.1201305e-01   1.1270747e+00   1.0000000e+00   1.2143700e+02   7.6202800e+02   1.0000000e+00
  -1.0375959e+00   1.6616762e-01   1.1084839e+00   1.0000000e+00   1.3033300e+02   7.7056000e+02   1.0000000e+00
  -1.0448863e+00   2.1721370e-01   1.0880243e+00   1.0000000e+00   1.4090000e+02   7.7821400e+02   1.0000000e+00
  -1.0688134e+00   4.1755796e-01   1.0076180e+00   1.0000000e+00   1.8762200e+02   8.1332400e+02   1.0000000e+00
  -1.0698796e+00   4.6788807e-01   9.6143323e-01   1.0000000e+00   2.1823400e+02   8.2034000e+02   1.0000000e+00
  -1.0706875e+00   5.1354095e-01   9.0264687e-01   1.0000000e+00   2.5459600e+02   8.2297100e+02   1.0000000e+00
  -1.0686180e+00   5.5367254e-01   8.3946367e-01   1.0000000e+00   2.9633600e+02   8.2333600e+02   1.0000000e+00
  -1.0637841e+00   5.8813557e-01   7.7424372e-01   1.0000000e+00   3.4001800e+02   8.2237500e+02   1.0000000e+00
  -1.0537865e+00   6.2009106e-01   7.0328617e-01   1.0000000e+00   3.8818100e+02   8.2144000e+02   1.0000000e+00
  -1.0327946e+00   6.5577653e-01   6.2676631e-01   1.0000000e+00   4.4246700e+02   8.2585200e+02   1.0000000e+00
  -9.9962454e-01   6.9584383e-01   5.4576056e-01   1.0000000e+00   5.0233900e+02   8.3625600e+02   1.0000000e+00
  -9.7537986e-01   7.3620644e-01   4.6833419e-01   1.0000000e+00   5.5860500e+02   8.4333900e+02   1.0000000e+00
  -9.7325231e-01   7.6663234e-01   4.1075601e-01   1.0000000e+00   5.9870900e+02   8.4129100e+02   1.0000000e+00
  -9.8859605e-01   7.8861534e-01   3.6183702e-01   1.0000000e+00   6.3024100e+02   8.3001500e+02   1.0000000e+00
  -1.0095394e+00   8.0580673e-01   3.1656988e-01   1.0000000e+00   6.5825700e+02   8.1496300e+02   1.0000000e+00
  -1.0268332e+00   8.2335703e-01   2.7342077e-01   1.0000000e+00   6.8593500e+02   8.0206500e+02   1.0000000e+00
  -1.0343680e+00   8.4307218e-01   2.2921243e-01   1.0000000e+00   7.1610500e+02   7.9431500e+02   1.0000000e+00
  -1.0301318e+00   8.6349459e-01   1.8118408e-01   1.0000000e+00   7.4998600e+02   7.9145500e+02   1.0000000e+00
  -1.0180928e+00   8.8274361e-01   1.2828430e-01   1.0000000e+00   7.8690300e+02   7.9076600e+02   1.0000000e+00
  -1.0099097e+00   8.9793237e-01   7.4462256e-02   1.0000000e+00   8.2258900e+02   7.8650000e+02   1.0000000e+00
  -9.9955402e-01   9.0840523e-01   2.1115903e-02   1.0000000e+00   8.5613100e+02   7.8177200e+02   1.0000000e+00
  -9.8876830e-01   9.1055086e-01  -3.8552273e-02   1.0000000e+00   8.8990800e+02   7.7290100e+02   1.0000000e+00
  -9.8625091e-01   8.9252132e-01  -9.7653920e-02   1.0000000e+00   9.1479000e+02   7.5373900e+02   1.0000000e+00
  -9.8549737e-01   8.5954218e-01  -1.5399316e-01   1.0000000e+00   9.3206000e+02   7.3028600e+02   1.0000000e+00
  -9.8160826e-01   8.1808036e-01  -2.0638411e-01   1.0000000e+00   9.4360600e+02   7.0795300e+02   1.0000000e+00
  -9.7548420e-01   7.6765645e-01  -2.5501239e-01   1.0000000e+00   9.4983200e+02   6.8595000e+02   1.0000000e+00
  -9.6276141e-01   7.0967399e-01  -3.0502771e-01   1.0000000e+00   9.5398200e+02   6.6578800e+02   1.0000000e+00
  -9.3942460e-01   6.4354405e-01  -3.6312941e-01   1.0000000e+00   9.5900000e+02   6.4828800e+02   1.0000000e+00
  -9.0465576e-01   5.6674954e-01  -4.2173128e-01   1.0000000e+00   9.6083500e+02   6.3414400e+02   1.0000000e+00
  -8.2021687e-01   1.4004510e-01  -6.6557969e-01   1.0000000e+00   9.3676500e+02   5.4461800e+02   1.0000000e+00
  -8.4167098e-01   1.2118399e-01  -6.9761850e-01   1.0000000e+00   9.4260000e+02   5.2951100e+02   1.0000000e+00
  -8.7689480e-01   1.1192194e-01  -7.3271314e-01   1.0000000e+00   9.5189100e+02   5.1090600e+02   1.0000000e+00
  -9.2152999e-01   1.0617343e-01  -7.5622758e-01   1.0000000e+00   9.5747800e+02   4.8997100e+02   1.0000000e+00
  -9.5844093e-01   8.9941697e-02  -7.7087063e-01   1.0000000e+00   9.5747800e+02   4.7170200e+02   1.0000000e+00
  -9.8137851e-01   5.5756282e-02  -7.8378182e-01   1.0000000e+00   9.5256700e+02   4.5649300e+02   1.0000000e+00
  -9.9441415e-01   1.1305827e-02  -7.9324506e-01   1.0000000e+00   9.4400000e+02   4.4450000e+02   1.0000000e+00
  -1.0007757e+00  -3.7603302e-02  -7.9698982e-01   1.0000000e+00   9.3295200e+02   4.3537100e+02   1.0000000e+00
  -9.9633500e-01  -8.9828186e-02  -7.9612446e-01   1.0000000e+00   9.2017700e+02   4.3064500e+02   1.0000000e+00
  -9.7833431e-01  -1.5163884e-01  -7.9495858e-01   1.0000000e+00   9.0588300e+02   4.2973300e+02   1.0000000e+00
  -9.4710808e-01  -2.1887389e-01  -7.9089390e-01   1.0000000e+00   8.9045500e+02   4.3343600e+02   1.0000000e+00
  -9.1984100e-01  -2.8716057e-01  -7.8641239e-01   1.0000000e+00   8.7538900e+02   4.3538900e+02   1.0000000e+00
  -9.1003198e-01  -3.4444212e-01  -7.8076139e-01   1.0000000e+00   8.6168600e+02   4.3278400e+02   1.0000000e+00
  -9.0951932e-01  -3.9291554e-01  -7.7240904e-01   1.0000000e+00   8.4950000e+02   4.2850000e+02   1.0000000e+00
  -9.0079883e-01  -4.3966658e-01  -7.6187969e-01   1.0000000e+00   8.3722400e+02   4.2744900e+02   1.0000000e+00
  -8.7501027e-01  -4.8248921e-01  -7.4566452e-01   1.0000000e+00   8.2500000e+02   4.3300000e+02   1.0000000e+00
  -8.4293834e-01  -5.3206778e-01  -7.2704087e-01   1.0000000e+00   8.1137000e+02   4.3989100e+02   1.0000000e+00
  -8.1758593e-01  -5.8839446e-01  -7.0882785e-01   1.0000000e+00   7.9671100e+02   4.4395600e+02   1.0000000e+00
  -8.0072561e-01  -6.5015397e-01  -6.9143034e-01   1.0000000e+00   7.8172100e+02   4.4427900e+02   1.0000000e+00
  -7.8710050e-01  -7.2149019e-01  -6.7116815e-01   1.0000000e+00   7.6429300e+02   4.4307300e+02   1.0000000e+00
  -7.7688659e-01  -7.9949203e-01  -6.4456831e-01   1.0000000e+00   7.4470700e+02   4.4092700e+02   1.0000000e+00
  -7.6433195e-01  -8.5867516e-01  -6.1079547e-01   1.0000000e+00   7.2615400e+02   4.4200000e+02   1.0000000e+00
  -7.4752482e-01  -9.1114979e-01  -5.7032049e-01   1.0000000e+00   7.0792100e+02   4.4594700e+02   1.0000000e+00
  -7.3405591e-01  -9.5911671e-01  -5.2040554e-01   1.0000000e+00   6.8728600e+02   4.5014300e+02   1.0000000e+00
  -7.3059556e-01  -9.9768180e-01  -4.6169683e-01   1.0000000e+00   6.6528600e+02   4.5314300e+02   1.0000000e+00
  -7.3177615e-01  -1.0296688e+00  -3.9205049e-01   1.0000000e+00   6.4091900e+02   4.5654100e+02   1.0000000e+00
  -7.3182215e-01  -1.0546302e+00  -3.1006291e-01   1.0000000e+00   6.1400000e+02   4.6217100e+02   1.0000000e+00
  -7.2465528e-01  -1.0714788e+00  -2.1900448e-01   1.0000000e+00   5.8577800e+02   4.7166700e+02   1.0000000e+00
  -7.0804590e-01  -1.0875213e+00  -1.2388561e-01   1.0000000e+00   5.5670600e+02   4.8450000e+02   1.0000000e+00
  -6.9384996e-01  -1.0997701e+00  -3.5960033e-02   1.0000000e+00   5.3029400e+02   4.9650000e+02   1.0000000e+00
  -6.8738644e-01  -1.1057167e+00   3.7869057e-02   1.0000000e+00   5.0786100e+02   5.0538900e+02   1.0000000e+00
  -6.8391945e-01  -1.1151214e+00   1.0492292e-01   1.0000000e+00   4.8686100e+02   5.1238900e+02   1.0000000e+00
  -6.8694106e-01  -1.1321111e+00   1.6756177e-01   1.0000000e+00   4.6620000e+02   5.1625700e+02   1.0000000e+00
  -6.9644428e-01  -1.1530800e+00   2.2787769e-01   1.0000000e+00   4.4539400e+02   5.1751500e+02   1.0000000e+00
  -7.0619580e-01  -1.1708946e+00   2.8911789e-01   1.0000000e+00   4.2427300e+02   5.1933300e+02   1.0000000e+00
  -7.1419155e-01  -1.1798995e+00   3.4984513e-01   1.0000000e+00   4.0429400e+02   5.2250000e+02   1.0000000e+00
  -7.2395477e-01  -1.1759593e+00   4.0984758e-01   1.0000000e+00   3.8497100e+02   5.2661800e+02   1.0000000e+00
  -7.3951478e-01  -1.1510926e+00   4.6692101e-01   1.0000000e+00   3.6729400e+02   5.3150000e+02   1.0000000e+00
  -7.5170606e-01  -1.1093740e+00   5.2182542e-01   1.0000000e+00   3.5119400e+02   5.3916700e+02   1.0000000e+00
  -7.5697736e-01  -1.0551055e+00   5.7616945e-01   1.0000000e+00   3.3633300e+02   5.5077800e+02   1.0000000e+00
  -7.6046333e-01  -9.8557428e-01   6.2725457e-01   1.0000000e+00   3.2300000e+02   5.6500000e+02   1.0000000e+00
  -7.6003563e-01  -9.0846781e-01   6.7595572e-01   1.0000000e+00   3.1092100e+02   5.8205300e+02   1.0000000e+00
  -7.5191026e-01  -8.3572085e-01   7.2418212e-01   1.0000000e+00   2.9802500e+02   6.0132500e+02   1.0000000e+00
  -7.4454020e-01  -7.7403423e-01   7.7773201e-01   1.0000000e+00   2.8387200e+02   6.2012800e+02   1.0000000e+00
  -7.5327512e-01  -7.2384705e-01   8.2150276e-01   1.0000000e+00   2.6942900e+02   6.3135700e+02   1.0000000e+00
  -7.7405301e-01  -6.8026182e-01   8.5684818e-01   1.0000000e+00   2.5579500e+02   6.3688600e+02   1.0000000e+00
  -7.9751725e-01  -6.4200356e-01   8.9315127e-01   1.0000000e+00   2.4079500e+02   6.4088600e+02   1.0000000e+00
  -8.2068992e-01  -6.1267125e-01   9.3319280e-01   1.0000000e+00   2.2344400e+02   6.4406700e+02   1.0000000e+00
  -8.3992826e-01  -5.9048880e-01   9.7957528e-01   1.0000000e+00   2.0347800e+02   6.4837000e+02   1.0000000e+00
  -8.5204589e-01  -5.7190889e-01   1.0335114e+00   1.0000000e+00   1.8100000e+02   6.5550000e+02   1.0000000e+00
  -8.5616720e-01  -5.5222918e-01   1.0936118e+00   1.0000000e+00   1.5673900e+02   6.6647800e+02   1.0000000e+00
  -8.5654440e-01  -5.3215169e-01   1.1527905e+00   1.0000000e+00   1.3250000e+02   6.7900000e+02   1.0000000e+00
  -8.5910459e-01  -5.0947965e-01   1.2126619e+00   1.0000000e+00   1.0726700e+02   6.9160000e+02   1.0000000e+00
  -8.6611520e-01  -4.8471071e-01   1.2626039e+00   1.0000000e+00   8.5000000e+01   7.0200000e+02   1.0000000e+00
  -8.6922594e-01  -4.5029458e-01   1.3041692e+00   1.0000000e+00   6.6386400e+01   7.1477300e+02   1.0000000e+00
  -8.6213465e-01  -4.0775477e-01   1.3436123e+00   1.0000000e+00   4.9711100e+01   7.3291100e+02   1.0000000e+00
  -8.4854869e-01  -3.5879569e-01   1.3790798e+00   1.0000000e+00   3.5638300e+01   7.5480900e+02   1.0000000e+00
  -8.3391642e-01  -2.9981370e-01   1.4036295e+00   1.0000000e+00   2.5974400e+01   7.7815400e+02   1.0000000e+00
  -6.2999912e-01   7.8226586e-01  -6.2069258e-01   1.0000000e+00   1.1184700e+03   7.6261200e+02   1.0000000e+00
  -6.3515512e-01   7.2444659e-01  -6.6564066e-01   1.0000000e+00   1.1156100e+03   7.3675000e+02   1.0000000e+00
  -6.4162202e-01   6.6490250e-01  -7.0249441e-01   1.0000000e+00   1.1090500e+03   7.1253200e+02   1.0000000e+00
  -6.4959878e-01   6.0707030e-01  -7.3145343e-01   1.0000000e+00   1.1004400e+03   6.9062800e+02   1.0000000e+00
  -6.5382297e-01   5.5062700e-01  -7.5876426e-01   1.0000000e+00   1.0919700e+03   6.7162700e+02   1.0000000e+00
  -6.5360800e-01   4.9461815e-01  -7.8727359e-01   1.0000000e+00   1.0842900e+03   6.5491400e+02   1.0000000e+00
  -6.5016617e-01   4.3651766e-01  -8.1994011e-01   1.0000000e+00   1.0779400e+03   6.3902900e+02   1.0000000e+00
  -6.4642185e-01   3.7438353e-01  -8.5471273e-01   1.0000000e+00   1.0711000e+03   6.2273100e+02   1.0000000e+00
  -6.3982913e-01   3.1284906e-01  -8.8276748e-01   1.0000000e+00   1.0624800e+03   6.0928600e+02   1.0000000e+00
  -6.3367828e-01   2.4406479e-01  -9.0764297e-01   1.0000000e+00   1.0513900e+03   5.9567800e+02   1.0000000e+00
  -6.3679575e-01   1.7164031e-01  -9.1585647e-01   1.0000000e+00   1.0342300e+03   5.8110000e+02   1.0000000e+00
  -6.3725235e-01   9.7100309e-02  -9.1194978e-01   1.0000000e+00   1.0132900e+03   5.6950000e+02   1.0000000e+00
  -6.3189247e-01   2.3278908e-02  -8.9916888e-01   1.0000000e+00   9.9045300e+02   5.6143400e+02   1.0000000e+00
  -6.2184744e-01  -5.0116624e-02  -8.7480341e-01   1.0000000e+00   9.6528800e+02   5.5671200e+02   1.0000000e+00
  -6.0874919e-01  -1.2660823e-01  -8.4119851e-01   1.0000000e+00   9.3722000e+02   5.5416000e+02   1.0000000e+00
  -5.9292856e-01  -2.0636644e-01  -8.0668675e-01   1.0000000e+00   9.0925000e+02   5.5200000e+02   1.0000000e+00
  -5.7692397e-01  -2.9065906e-01  -7.7414792e-01   1.0000000e+00   8.8222000e+02   5.4916000e+02   1.0000000e+00
  -5.6251312e-01  -3.6960750e-01  -7.3511518e-01   1.0000000e+00   8.5510600e+02   5.4755300e+02   1.0000000e+00
  -5.6345354e-01  -4.4344252e-01  -6.9094243e-01   1.0000000e+00   8.2765200e+02   5.4250000e+02   1.0000000e+00
  -5.7990753e-01  -5.0296970e-01  -6.5203418e-01   1.0000000e+00   8.0444400e+02   5.3406700e+02   1.0000000e+00
  -5.9445709e-01  -5.5899862e-01  -6.2000445e-01   1.0000000e+00   7.8444400e+02   5.2606700e+02   1.0000000e+00
  -6.0803682e-01  -6.1268291e-01  -5.8953886e-01   1.0000000e+00   7.6574400e+02   5.1895300e+02   1.0000000e+00
  -6.2185258e-01  -6.6341670e-01  -5.5680115e-01   1.0000000e+00   7.4707100e+02   5.1219000e+02   1.0000000e+00
  -6.2661802e-01  -7.1563845e-01  -5.2514751e-01   1.0000000e+00   7.2933300e+02   5.0800000e+02   1.0000000e+00
  -6.2029152e-01  -7.7288445e-01  -4.9569656e-01   1.0000000e+00   7.1219000e+02   5.0626200e+02   1.0000000e+00
  -6.1327265e-01  -8.3123433e-01  -4.6653959e-01   1.0000000e+00   6.9550000e+02   5.0480000e+02   1.0000000e+00
  -6.1208439e-01  -8.8631987e-01  -4.3384023e-01   1.0000000e+00   6.7841000e+02   5.0217900e+02   1.0000000e+00
  -6.2638683e-01  -9.3035024e-01  -3.9324478e-01   1.0000000e+00   6.5986100e+02   4.9738900e+02   1.0000000e+00
  -6.4567602e-01  -9.6280292e-01  -3.4580136e-01   1.0000000e+00   6.4086500e+02   4.9329700e+02   1.0000000e+00
  -6.5798862e-01  -9.9070504e-01  -2.9028665e-01   1.0000000e+00   6.2016700e+02   4.9250000e+02   1.0000000e+00
  -6.6573263e-01  -1.0157082e+00  -2.2648396e-01   1.0000000e+00   5.9800000e+02   4.9400000e+02   1.0000000e+00
  -6.7415852e-01  -1.0362898e+00  -1.5494389e-01   1.0000000e+00   5.7400000e+02   4.9700000e+02   1.0000000e+00
  -6.8813227e-01  -1.0534161e+00  -7.6357793e-02   1.0000000e+00   5.4777800e+02   4.9933300e+02   1.0000000e+00
  -7.0096155e-01  -1.0729458e+00   6.6391733e-03   1.0000000e+00   5.1959500e+02   5.0216200e+02   1.0000000e+00
  -7.0139689e-01  -1.0993339e+00   8.8481335e-02   1.0000000e+00   4.9213900e+02   5.0761100e+02   1.0000000e+00
  -6.9014169e-01  -1.1311133e+00   1.7310334e-01   1.0000000e+00   4.6459500e+02   5.1616200e+02   1.0000000e+00
  -6.9517537e-01  -1.1584717e+00   2.4488209e-01   1.0000000e+00   4.3991700e+02   5.1922200e+02   1.0000000e+00
  -7.1019168e-01  -1.1823229e+00   3.0883861e-01   1.0000000e+00   4.1702800e+02   5.1908300e+02   1.0000000e+00
  -7.2642583e-01  -1.2061650e+00   3.6715397e-01   1.0000000e+00   3.9600000e+02   5.1782900e+02   1.0000000e+00
  -7.4402649e-01  -1.2278952e+00   4.1867606e-01   1.0000000e+00   3.7700000e+02   5.1573500e+02   1.0000000e+00
  -7.5486681e-01  -1.2482830e+00   4.6955390e-01   1.0000000e+00   3.5890900e+02   5.1569700e+02   1.0000000e+00
  -7.5352790e-01  -1.2694379e+00   5.2440330e-01   1.0000000e+00   3.4070600e+02   5.1950000e+02   1.0000000e+00
  -7.5082764e-01  -1.2884421e+00   5.8256263e-01   1.0000000e+00   3.2209100e+02   5.2430300e+02   1.0000000e+00
  -7.4801254e-01  -1.3011313e+00   6.3678215e-01   1.0000000e+00   3.0509100e+02   5.2930300e+02   1.0000000e+00
  -7.4698457e-01  -1.3079680e+00   6.9388878e-01   1.0000000e+00   2.8658600e+02   5.3472400e+02   1.0000000e+00
  -7.5484134e-01  -1.2994689e+00   7.4160868e-01   1.0000000e+00   2.7122600e+02   5.3880600e+02   1.0000000e+00
  -7.5967704e-01  -1.2712837e+00   7.8346451e-01   1.0000000e+00   2.5845200e+02   5.4541900e+02   1.0000000e+00
  -7.6031360e-01  -1.2238668e+00   8.1969326e-01   1.0000000e+00   2.4845200e+02   5.5541900e+02   1.0000000e+00
  -7.5611338e-01  -1.1591143e+00   8.4850980e-01   1.0000000e+00   2.4172700e+02   5.6833300e+02   1.0000000e+00
  -7.4615349e-01  -1.0857274e+00   8.6927999e-01   1.0000000e+00   2.3854800e+02   5.8358100e+02   1.0000000e+00
  -7.3087093e-01  -1.0101568e+00   8.8371850e-01   1.0000000e+00   2.3816200e+02   6.0097300e+02   1.0000000e+00
  -7.1377971e-01  -9.3242968e-01   8.8760218e-01   1.0000000e+00   2.4192100e+02   6.1836800e+02   1.0000000e+00
  -6.9750962e-01  -8.5232798e-01   8.8093071e-01   1.0000000e+00   2.4931600e+02   6.3502600e+02   1.0000000e+00
  -6.9459524e-01  -7.8053723e-01   8.6130776e-01   1.0000000e+00   2.5975700e+02   6.4524300e+02   1.0000000e+00
  -6.9542415e-01  -7.1665869e-01   8.3329019e-01   1.0000000e+00   2.7260000e+02   6.5217500e+02   1.0000000e+00
  -6.9556337e-01  -6.5742661e-01   8.0118620e-01   1.0000000e+00   2.8739000e+02   6.5817100e+02   1.0000000e+00
  -7.0017462e-01  -6.0589384e-01   7.6384754e-01   1.0000000e+00   3.0341900e+02   6.6097700e+02   1.0000000e+00
  -7.0836685e-01  -5.6130371e-01   7.2535532e-01   1.0000000e+00   3.1958100e+02   6.6102300e+02   1.0000000e+00
  -7.1636167e-01  -5.1946596e-01   6.8784682e-01   1.0000000e+00   3.3555600e+02   6.6093300e+02   1.0000000e+00
  -7.2391915e-01  -4.7631778e-01   6.5396682e-01   1.0000000e+00   3.5062500e+02   6.6158300e+02   1.0000000e+00
  -7.3177697e-01  -4.3261770e-01   6.2512861e-01   1.0000000e+00   3.6417000e+02   6.6297900e+02   1.0000000e+00
  -7.3865545e-01  -3.9049871e-01   5.9821781e-01   1.0000000e+00   3.7731400e+02   6.6478400e+02   1.0000000e+00
  -7.4459215e-01  -3.4359829e-01   5.6793334e-01   1.0000000e+00   3.9258500e+02   6.6732100e+02   1.0000000e+00
  -7.5205236e-01  -2.9946296e-01   5.2466865e-01   1.0000000e+00   4.1280800e+02   6.6690400e+02   1.0000000e+00
  -7.5086393e-01  -2.5465013e-01   4.7006743e-01   1.0000000e+00   4.3921800e+02   6.6785500e+02   1.0000000e+00
  -7.4174173e-01  -2.1204857e-01   4.0695485e-01   1.0000000e+00   4.6991200e+02   6.6991200e+02   1.0000000e+00
  -7.2498842e-01  -1.6983690e-01   3.3759658e-01   1.0000000e+00   5.0410700e+02   6.7353600e+02   1.0000000e+00
  -6.9668747e-01  -1.2215953e-01   2.6553719e-01   1.0000000e+00   5.4155900e+02   6.8181400e+02   1.0000000e+00
  -6.6240606e-01  -6.7546945e-02   1.9263500e-01   1.0000000e+00   5.8106800e+02   6.9352500e+02   1.0000000e+00
  -6.3281204e-01  -1.6799453e-02   1.2484533e-01   1.0000000e+00   6.1798400e+02   7.0364500e+02   1.0000000e+00
  -6.1888247e-01   3.6042960e-02   6.3326451e-02   1.0000000e+00   6.5176200e+02   7.0981000e+02   1.0000000e+00
  -6.2372342e-01   9.0054542e-02   1.4443737e-02   1.0000000e+00   6.8015100e+02   7.1193900e+02   1.0000000e+00
  -6.3650234e-01   1.4707832e-01  -2.4173234e-02   1.0000000e+00   7.0520000e+02   7.1350000e+02   1.0000000e+00
  -6.5001346e-01   2.0445568e-01  -5.5037923e-02   1.0000000e+00   7.2810000e+02   7.1641400e+02   1.0000000e+00
  -6.5859553e-01   2.6500997e-01  -8.5429744e-02   1.0000000e+00   7.5256000e+02   7.2197300e+02   1.0000000e+00
  -6.6465698e-01   3.3052538e-01  -1.1687212e-01   1.0000000e+00   7.7964900e+02   7.2951900e+02   1.0000000e+00
  -6.6906576e-01   3.9682843e-01  -1.4500539e-01   1.0000000e+00   8.0661200e+02   7.3900000e+02   1.0000000e+00
  -6.7376454e-01   4.6753922e-01  -1.7165532e-01   1.0000000e+00   8.3536900e+02   7.5002400e+02   1.0000000e+00
  -6.8814362e-01   5.2845462e-01  -2.0248240e-01   1.0000000e+00   8.6381700e+02   7.5445100e+02   1.0000000e+00
  -6.9756880e-01   5.8585717e-01  -2.3925244e-01   1.0000000e+00   8.9536000e+02   7.5861600e+02   1.0000000e+00
  -6.9488892e-01   6.4665728e-01  -2.7537349e-01   1.0000000e+00   9.2905600e+02   7.6912200e+02   1.0000000e+00
  -6.8428215e-01   7.1086819e-01  -3.0977227e-01   1.0000000e+00   9.6442200e+02   7.8417800e+02   1.0000000e+00
  -6.6690296e-01   7.7916590e-01  -3.4333114e-01   1.0000000e+00   1.0021100e+03   8.0398900e+02   1.0000000e+00
  -6.4426875e-01   8.5031399e-01  -3.7533004e-01   1.0000000e+00   1.0411300e+03   8.2793500e+02   1.0000000e+00
  -7.1578422e-01   1.0321256e+00   2.2426505e-01   1.0000000e+00   8.0365100e+02   1.0161700e+03   1.0000000e+00
  -7.1114373e-01   9.6357646e-01   2.4640252e-01   1.0000000e+00   7.7032500e+02   9.9416300e+02   1.0000000e+00
  -7.0477273e-01   8.8318515e-01   2.6334085e-01   1.0000000e+00   7.3830100e+02   9.6771500e+02   1.0000000e+00
  -6.9670533e-01   7.9596289e-01   2.7817763e-01   1.0000000e+00   7.0763800e+02   9.4050000e+02   1.0000000e+00
  -6.8861078e-01   7.0822172e-01   2.9112603e-01   1.0000000e+00   6.8017300e+02   9.1430900e+02   1.0000000e+00
  -6.8141433e-01   6.1962886e-01   3.0638443e-01   1.0000000e+00   6.5308700e+02   8.8972800e+02   1.0000000e+00
  -6.8165732e-01   5.3578362e-01   3.2057130e-01   1.0000000e+00   6.2850000e+02   8.6512000e+02   1.0000000e+00
  -6.8938714e-01   4.6216958e-01   3.3070775e-01   1.0000000e+00   6.0839800e+02   8.4132300e+02   1.0000000e+00
  -6.9320448e-01   3.9796295e-01   3.4363557e-01   1.0000000e+00   5.9000000e+02   8.2329300e+02   1.0000000e+00
  -6.9238507e-01   3.3922087e-01   3.6503509e-01   1.0000000e+00   5.6992300e+02   8.1107700e+02   1.0000000e+00
  -6.9328754e-01   2.8770068e-01   3.9475262e-01   1.0000000e+00   5.4786700e+02   8.0208900e+02   1.0000000e+00
  -6.9318860e-01   2.3804390e-01   4.3255719e-01   1.0000000e+00   5.2300000e+02   7.9566700e+02   1.0000000e+00
  -6.9311671e-01   1.8522400e-01   4.7330605e-01   1.0000000e+00   4.9727200e+02   7.8927200e+02   1.0000000e+00
  -6.9461281e-01   1.2849174e-01   5.1423785e-01   1.0000000e+00   4.7126600e+02   7.8138000e+02   1.0000000e+00
  -6.8901312e-01   7.0765304e-02   5.5512931e-01   1.0000000e+00   4.4691800e+02   7.7591800e+02   1.0000000e+00
  -6.8614327e-01   1.0076854e-02   5.9161755e-01   1.0000000e+00   4.2448600e+02   7.6806900e+02   1.0000000e+00
  -6.9153091e-01  -5.3171766e-02   6.1863302e-01   1.0000000e+00   4.0571200e+02   7.5571200e+02   1.0000000e+00
  -7.0021056e-01  -1.2004132e-01   6.3899295e-01   1.0000000e+00   3.8926600e+02   7.4042200e+02   1.0000000e+00
  -7.1222772e-01  -1.8804256e-01   6.5652015e-01   1.0000000e+00   3.7427400e+02   7.2400000e+02   1.0000000e+00
  -7.2349523e-01  -2.5767508e-01   6.7837967e-01   1.0000000e+00   3.5810300e+02   7.0858600e+02   1.0000000e+00
  -7.3050859e-01  -3.3127730e-01   7.0457967e-01   1.0000000e+00   3.4084500e+02   6.9494800e+02   1.0000000e+00
  -7.3884377e-01  -4.1200000e-01   7.3433684e-01   1.0000000e+00   3.2220800e+02   6.8052800e+02   1.0000000e+00
  -7.4835462e-01  -4.8875843e-01   7.6082132e-01   1.0000000e+00   3.0560000e+02   6.6660000e+02   1.0000000e+00
  -7.5834916e-01  -5.6206390e-01   7.9035630e-01   1.0000000e+00   2.8857400e+02   6.5395700e+02   1.0000000e+00
  -7.6990117e-01  -6.2414019e-01   8.2694616e-01   1.0000000e+00   2.7028900e+02   6.4408900e+02   1.0000000e+00
  -7.7935308e-01  -6.7698087e-01   8.7087514e-01   1.0000000e+00   2.4992900e+02   6.3795200e+02   1.0000000e+00
  -7.8908794e-01  -7.2479251e-01   9.2008821e-01   1.0000000e+00   2.2855800e+02   6.3316300e+02   1.0000000e+00
  -7.9774027e-01  -7.7021703e-01   9.7587390e-01   1.0000000e+00   2.0523300e+02   6.3018600e+02   1.0000000e+00
  -7.9675232e-01  -8.1497805e-01   1.0388627e+00   1.0000000e+00   1.8086500e+02   6.3129700e+02   1.0000000e+00
  -7.8513755e-01  -8.6001332e-01   1.1087575e+00   1.0000000e+00   1.5533300e+02   6.3655600e+02   1.0000000e+00
  -7.6914410e-01  -8.9630985e-01   1.1738480e+00   1.0000000e+00   1.3302800e+02   6.4408300e+02   1.0000000e+00
  -7.6842226e-01  -9.2981695e-01   1.2325943e+00   1.0000000e+00   1.1126500e+02   6.4620600e+02   1.0000000e+00
  -7.8507128e-01  -9.6380462e-01   1.2780719e+00   1.0000000e+00   9.2156300e+01   6.4137500e+02   1.0000000e+00
  -8.0422690e-01  -9.9601558e-01   1.3184342e+00   1.0000000e+00   7.4606100e+01   6.3548500e+02   1.0000000e+00
  -8.2115596e-01  -1.0218573e+00   1.3572542e+00   1.0000000e+00   5.8031300e+01   6.3096900e+02   1.0000000e+00
  -8.2826981e-01  -1.0393046e+00   1.3917686e+00   1.0000000e+00   4.4156300e+01   6.3037500e+02   1.0000000e+00
  -7.9036463e-01   2.9519561e-01   1.1055529e+00   1.0000000e+00   1.8446300e+02   9.1106000e+02   1.0000000e+00
  -7.7825708e-01   3.4958798e-01   1.0522360e+00   1.0000000e+00   2.1757100e+02   9.2335100e+02   1.0000000e+00
  -7.6199662e-01   4.0608965e-01   9.9266850e-01   1.0000000e+00   2.5567100e+02   9.3646800e+02   1.0000000e+00
  -7.4316993e-01   4.6466470e-01   9.3114610e-01   1.0000000e+00   2.9692500e+02   9.5156300e+02   1.0000000e+00
  -7.2275783e-01   5.2116747e-01   8.7187505e-01   1.0000000e+00   3.3804700e+02   9.6712800e+02   1.0000000e+00
  -7.0137012e-01   5.7903428e-01   8.1445675e-01   1.0000000e+00   3.7941400e+02   9.8448300e+02   1.0000000e+00
  -7.0337995e-01   6.3386063e-01   7.7329289e-01   1.0000000e+00   4.0865600e+02   9.9548400e+02   1.0000000e+00
  -7.1587158e-01   6.9110087e-01   7.4571711e-01   1.0000000e+00   4.3018400e+02   1.0070900e+03   1.0000000e+00
  -7.3381976e-01   7.4892959e-01   7.2342688e-01   1.0000000e+00   4.4890600e+02   1.0185700e+03   1.0000000e+00
  -1.2788564e+00   5.0720283e-01  -9.6788640e-01   1.0000000e+00   1.1579000e+03   3.6508700e+02   1.0000000e+00
  -1.2864994e+00   4.3090003e-01  -9.4619498e-01   1.0000000e+00   1.1216200e+03   3.5474400e+02   1.0000000e+00
  -1.2955725e+00   3.5983672e-01  -9.2976906e-01   1.0000000e+00   1.0905600e+03   3.4448100e+02   1.0000000e+00
  -1.3036371e+00   2.9675899e-01  -9.2221321e-01   1.0000000e+00   1.0666500e+03   3.3468800e+02   1.0000000e+00
  -1.3047423e+00   2.3729411e-01  -9.2355439e-01   1.0000000e+00   1.0480100e+03   3.2762500e+02   1.0000000e+00
  -1.2977225e+00   1.7695337e-01  -9.3020094e-01   1.0000000e+00   1.0319900e+03   3.2356500e+02   1.0000000e+00
  -1.2894480e+00   1.1061630e-01  -9.3400234e-01   1.0000000e+00   1.0138400e+03   3.1992900e+02   1.0000000e+00
  -1.2906488e+00   4.5066374e-02  -9.3343400e-01   1.0000000e+00   9.9497000e+02   3.1306100e+02   1.0000000e+00
  -1.2948040e+00  -1.5693827e-02  -9.2854445e-01   1.0000000e+00   9.7644600e+02   3.0612300e+02   1.0000000e+00
  -1.3006807e+00  -6.9936678e-02  -9.1147532e-01   1.0000000e+00   9.5601600e+02   3.0088900e+02   1.0000000e+00
  -1.3070840e+00  -1.1526771e-01  -8.9009476e-01   1.0000000e+00   9.3683900e+02   2.9675800e+02   1.0000000e+00
  -1.3085645e+00  -1.6502898e-01  -8.6651915e-01   1.0000000e+00   9.1618000e+02   2.9457400e+02   1.0000000e+00
  -1.3044667e+00  -2.2206682e-01  -8.3599845e-01   1.0000000e+00   8.9186700e+02   2.9508300e+02   1.0000000e+00
  -1.2970812e+00  -2.8335757e-01  -7.9516974e-01   1.0000000e+00   8.6442100e+02   2.9728100e+02   1.0000000e+00
  -1.2950442e+00  -3.4483166e-01  -7.4522586e-01   1.0000000e+00   8.3430900e+02   2.9838200e+02   1.0000000e+00
  -1.3023054e+00  -4.0440183e-01  -6.9002335e-01   1.0000000e+00   8.0289700e+02   2.9658600e+02   1.0000000e+00
  -1.3096484e+00  -4.6090653e-01  -6.3867061e-01   1.0000000e+00   7.7405500e+02   2.9472700e+02   1.0000000e+00
  -1.3207017e+00  -5.1703668e-01  -5.9580355e-01   1.0000000e+00   7.4850000e+02   2.9100000e+02   1.0000000e+00
  -1.3330281e+00  -5.6950316e-01  -5.6363159e-01   1.0000000e+00   7.2761500e+02   2.8575000e+02   1.0000000e+00
  -1.3404598e+00  -6.2245306e-01  -5.3263097e-01   1.0000000e+00   7.0752900e+02   2.8243100e+02   1.0000000e+00
  -1.3412378e+00  -6.7907561e-01  -5.0004440e-01   1.0000000e+00   6.8752900e+02   2.8143100e+02   1.0000000e+00
  -1.3384245e+00  -7.3756980e-01  -4.6484113e-01   1.0000000e+00   6.6683000e+02   2.8197900e+02   1.0000000e+00
  -1.3407427e+00  -7.9285603e-01  -4.2716638e-01   1.0000000e+00   6.4621700e+02   2.8108700e+02   1.0000000e+00
  -1.3522927e+00  -8.4014409e-01  -3.9344121e-01   1.0000000e+00   6.2768100e+02   2.7742600e+02   1.0000000e+00
  -1.3614469e+00  -8.7986937e-01  -3.6050086e-01   1.0000000e+00   6.1090900e+02   2.7463600e+02   1.0000000e+00
  -1.3678564e+00  -9.1306708e-01  -3.1670490e-01   1.0000000e+00   5.9163600e+02   2.7390900e+02   1.0000000e+00
  -1.3725353e+00  -9.3513347e-01  -2.6887321e-01   1.0000000e+00   5.7297700e+02   2.7541900e+02   1.0000000e+00
  -1.3748124e+00  -9.5108306e-01  -2.1901716e-01   1.0000000e+00   5.5454500e+02   2.7825000e+02   1.0000000e+00
  -1.3753437e+00  -9.6509911e-01  -1.6496876e-01   1.0000000e+00   5.3497700e+02   2.8241900e+02   1.0000000e+00
  -1.3751104e+00  -9.7449240e-01  -1.0581773e-01   1.0000000e+00   5.1452300e+02   2.8786400e+02   1.0000000e+00
  -1.3786571e+00  -9.7878698e-01  -3.6985216e-02   1.0000000e+00   4.9066700e+02   2.9300000e+02   1.0000000e+00
  -1.3797188e+00  -9.7701631e-01   2.9281306e-02   1.0000000e+00   4.6828900e+02   2.9944400e+02   1.0000000e+00
  -1.3828234e+00  -9.7064783e-01   1.5692797e-01   1.0000000e+00   4.2432600e+02   3.1183700e+02   1.0000000e+00
  -1.3901292e+00  -9.7003756e-01   2.1723202e-01   1.0000000e+00   4.0241900e+02   3.1597700e+02   1.0000000e+00
  -1.3957468e+00  -9.7199758e-01   2.7899905e-01   1.0000000e+00   3.7990500e+02   3.2064300e+02   1.0000000e+00
  -1.3978534e+00  -9.7627022e-01   3.4716835e-01   1.0000000e+00   3.5488400e+02   3.2688400e+02   1.0000000e+00
  -1.3995145e+00  -9.7886166e-01   4.2122815e-01   1.0000000e+00   3.2802400e+02   3.3441500e+02   1.0000000e+00
  -1.4080651e+00  -9.7652318e-01   4.9651360e-01   1.0000000e+00   3.0002400e+02   3.4041500e+02   1.0000000e+00
  -1.4188916e+00  -9.6610662e-01   6.2290921e-01   1.0000000e+00   2.5167400e+02   3.5116300e+02   1.0000000e+00
  -1.4210696e+00  -9.4556002e-01   6.8356922e-01   1.0000000e+00   2.2944200e+02   3.5911600e+02   1.0000000e+00
  -1.4199516e+00  -9.1720774e-01   7.3434491e-01   1.0000000e+00   2.1111600e+02   3.6811600e+02   1.0000000e+00
  -1.4176075e+00  -8.7945005e-01   7.7846720e-01   1.0000000e+00   1.9550000e+02   3.7800000e+02   1.0000000e+00
  -1.4177700e+00  -8.3486832e-01   8.1530768e-01   1.0000000e+00   1.8211600e+02   3.8711600e+02   1.0000000e+00
  -1.4189846e+00  -7.8596060e-01   8.4997691e-01   1.0000000e+00   1.6906700e+02   3.9644400e+02   1.0000000e+00
  -1.4229524e+00  -7.2695230e-01   8.8721548e-01   1.0000000e+00   1.5432700e+02   4.0642900e+02   1.0000000e+00
  -1.4249139e+00  -6.6927292e-01   9.1733649e-01   1.0000000e+00   1.4229200e+02   4.1650000e+02   1.0000000e+00
  -1.4274008e+00  -6.1396538e-01   9.4592731e-01   1.0000000e+00   1.3009600e+02   4.2638500e+02   1.0000000e+00
  -1.4325281e+00  -5.6176816e-01   9.7389815e-01   1.0000000e+00   1.1750000e+02   4.3514800e+02   1.0000000e+00
  -1.4394712e+00  -5.1319809e-01   1.0003674e+00   1.0000000e+00   1.0457400e+02   4.4272200e+02   1.0000000e+00
  -1.4432699e+00  -4.6143316e-01   1.0279976e+00   1.0000000e+00   9.1175400e+01   4.5256100e+02   1.0000000e+00
  -1.4436318e+00  -4.0635495e-01   1.0567609e+00   1.0000000e+00   7.7300000e+01   4.6506700e+02   1.0000000e+00
  -1.4421203e+00  -3.5102386e-01   1.0865448e+00   1.0000000e+00   6.2822600e+01   4.7895200e+02   1.0000000e+00
  -1.4400074e+00  -2.9161368e-01   1.1156398e+00   1.0000000e+00   4.7822600e+01   4.9430600e+02   1.0000000e+00
  -1.4473076e+00  -2.2750161e-01   1.1380979e+00   1.0000000e+00   3.3794100e+01   5.0607400e+02   1.0000000e+00
  -1.4540599e+00  -1.7573648e-01   1.1596500e+00   1.0000000e+00   1.9785700e+01   5.1611400e+02   1.0000000e+00
  -1.4535534e+00  -1.1692399e-01   1.1731343e+00   1.0000000e+00   1.0859200e+01   5.2998600e+02   1.0000000e+00
  -1.4516379e+00  -5.7107498e-02   1.1729923e+00   1.0000000e+00   9.3684200e+00   5.4286800e+02   1.0000000e+00
  -1.4497192e+00  -6.3702630e-03   1.1606501e+00   1.0000000e+00   1.5000000e+01   5.5200000e+02   1.0000000e+00
  -1.4445422e+00   4.1856025e-02   1.1413702e+00   1.0000000e+00   2.5573200e+01   5.6140200e+02   1.0000000e+00
  -1.4383741e+00   8.9120335e-02   1.1161756e+00   1.0000000e+00   4.0137900e+01   5.7027600e+02   1.0000000e+00
  -1.4346723e+00   1.3482268e-01   1.0852778e+00   1.0000000e+00   5.7943800e+01   5.7652800e+02   1.0000000e+00
  -1.4367908e+00   1.8029681e-01   1.0435989e+00   1.0000000e+00   8.1302100e+01   5.7783300e+02   1.0000000e+00
  -1.4350587e+00   2.2167264e-01   1.0001844e+00   1.0000000e+00   1.0737000e+02   5.7993000e+02   1.0000000e+00
  -1.4332330e+00   2.6710853e-01   9.5739502e-01   1.0000000e+00   1.3372500e+02   5.8319600e+02   1.0000000e+00
  -1.4345451e+00   3.1254734e-01   9.2339512e-01   1.0000000e+00   1.5499000e+02   5.8691300e+02   1.0000000e+00
  -1.4335143e+00   3.6122311e-01   8.9491729e-01   1.0000000e+00   1.7411200e+02   5.9397200e+02   1.0000000e+00
  -1.4272579e+00   4.1598260e-01   8.6723123e-01   1.0000000e+00   1.9498300e+02   6.0567500e+02   1.0000000e+00
  -1.4197070e+00   4.7509369e-01   8.4063028e-01   1.0000000e+00   2.1611400e+02   6.2039800e+02   1.0000000e+00
  -1.4137494e+00   5.3581135e-01   8.1679292e-01   1.0000000e+00   2.3654300e+02   6.3581400e+02   1.0000000e+00
  -1.4132110e+00   6.0062464e-01   7.9015553e-01   1.0000000e+00   2.5908000e+02   6.4910900e+02   1.0000000e+00
  -1.4231674e+00   6.6499917e-01   7.6427842e-01   1.0000000e+00   2.8004200e+02   6.5788200e+02   1.0000000e+00
  -1.3541565e+00   7.3476806e-01  -1.8926735e-01   1.0000000e+00   8.8900000e+02   4.9891500e+02   1.0000000e+00
  -1.3640603e+00   6.7498343e-01  -2.0821798e-01   1.0000000e+00   8.7773900e+02   4.7711200e+02   1.0000000e+00
  -1.3692368e+00   6.1216100e-01  -2.1817844e-01   1.0000000e+00   8.6169600e+02   4.5957600e+02   1.0000000e+00
  -1.3724259e+00   5.4773154e-01  -2.1399018e-01   1.0000000e+00   8.3907300e+02   4.4653200e+02   1.0000000e+00
  -1.3725291e+00   4.8970955e-01  -1.9740879e-01   1.0000000e+00   8.1347900e+02   4.3945300e+02   1.0000000e+00
  -1.3692302e+00   4.3402713e-01  -1.7196537e-01   1.0000000e+00   7.8554100e+02   4.3603700e+02   1.0000000e+00
  -1.3663237e+00   3.7873049e-01  -1.3803848e-01   1.0000000e+00   7.5460400e+02   4.3400000e+02   1.0000000e+00
  -1.3662560e+00   3.2534212e-01  -9.7055847e-02   1.0000000e+00   7.2155300e+02   4.3211700e+02   1.0000000e+00
  -1.3738616e+00   2.7335865e-01  -4.9702964e-02   1.0000000e+00   6.8610000e+02   4.2779000e+02   1.0000000e+00
  -1.3831200e+00   2.2191374e-01  -3.1774521e-03   1.0000000e+00   6.5185600e+02   4.2234000e+02   1.0000000e+00
  -1.3930834e+00   1.6709638e-01   4.2383434e-02   1.0000000e+00   6.1817500e+02   4.1724700e+02   1.0000000e+00
  -1.4002739e+00   1.0697915e-01   8.8785418e-02   1.0000000e+00   5.8435200e+02   4.1233000e+02   1.0000000e+00
  -1.4075877e+00   4.6161936e-02   1.2780369e-01   1.0000000e+00   5.5350000e+02   4.0860500e+02   1.0000000e+00
  -1.4009524e+00  -1.4577412e-02   1.7195168e-01   1.0000000e+00   5.2550000e+02   4.0739500e+02   1.0000000e+00
  -1.3937270e+00  -7.7915089e-02   2.1248754e-01   1.0000000e+00   4.9850000e+02   4.0800000e+02   1.0000000e+00
  -1.3849753e+00  -1.4075642e-01   2.5202704e-01   1.0000000e+00   4.7321800e+02   4.0842300e+02   1.0000000e+00
  -1.3864405e+00  -2.0733084e-01   2.9039676e-01   1.0000000e+00   4.4786800e+02   4.0450000e+02   1.0000000e+00
  -1.3958693e+00  -2.6921303e-01   3.2606147e-01   1.0000000e+00   4.2426400e+02   3.9816700e+02   1.0000000e+00
  -1.4052923e+00  -3.3180964e-01   3.6398258e-01   1.0000000e+00   4.0016200e+02   3.9175000e+02   1.0000000e+00
  -1.4175977e+00  -3.9242508e-01   4.0852264e-01   1.0000000e+00   3.7393400e+02   3.8545900e+02   1.0000000e+00
  -1.4261389e+00  -4.4682295e-01   4.5381955e-01   1.0000000e+00   3.4900000e+02   3.8150000e+02   1.0000000e+00
  -1.4272761e+00  -4.9944690e-01   4.9675323e-01   1.0000000e+00   3.2689700e+02   3.8041400e+02   1.0000000e+00
  -1.4239907e+00  -5.5170630e-01   5.3649126e-01   1.0000000e+00   3.0700000e+02   3.8132100e+02   1.0000000e+00
  -1.4167990e+00  -6.0557723e-01   5.7748411e-01   1.0000000e+00   2.8764200e+02   3.8267900e+02   1.0000000e+00
  -1.4222037e+00  -6.6094004e-01   6.1418057e-01   1.0000000e+00   2.6950000e+02   3.7964000e+02   1.0000000e+00
  -1.4350266e+00  -7.1115133e-01   6.4589275e-01   1.0000000e+00   2.5284000e+02   3.7326000e+02   1.0000000e+00
  -1.4472019e+00  -7.5850710e-01   6.6247531e-01   1.0000000e+00   2.4164600e+02   3.6564600e+02   1.0000000e+00
  -1.4523046e+00  -8.0056092e-01   6.6614334e-01   1.0000000e+00   2.3791300e+02   3.6000000e+02   1.0000000e+00
  -1.4258790e+00  -9.6880834e-01   4.3663976e-01   1.0000000e+00   3.1988400e+02   3.2788400e+02   1.0000000e+00
  -1.4227642e+00  -9.8041819e-01   3.9954470e-01   1.0000000e+00   3.3319000e+02   3.2359500e+02   1.0000000e+00
  -1.4178498e+00  -9.9118303e-01   3.5587660e-01   1.0000000e+00   3.4902500e+02   3.1932500e+02   1.0000000e+00
  -1.4122633e+00  -1.0027492e+00   3.0728019e-01   1.0000000e+00   3.6624400e+02   3.1500000e+02   1.0000000e+00
  -1.4130761e+00  -1.0165216e+00   2.5290623e-01   1.0000000e+00   3.8417500e+02   3.0822500e+02   1.0000000e+00
  -1.4124652e+00  -1.0278654e+00   2.0028159e-01   1.0000000e+00   4.0187200e+02   3.0212800e+02   1.0000000e+00
  -1.4118718e+00  -1.0322857e+00   1.4192600e-01   1.0000000e+00   4.2197600e+02   2.9587800e+02   1.0000000e+00
  -1.4114390e+00  -1.0280577e+00   7.8613699e-02   1.0000000e+00   4.4405000e+02   2.8992500e+02   1.0000000e+00
  -1.4042540e+00  -1.0152372e+00   2.1704349e-02   1.0000000e+00   4.6500000e+02   2.8759000e+02   1.0000000e+00
  -1.3773022e+00  -9.6817501e-01  -9.1783307e-02   1.0000000e+00   5.1020000e+02   2.8892500e+02   1.0000000e+00
  -1.3658863e+00  -9.3609487e-01  -1.5367061e-01   1.0000000e+00   5.3527900e+02   2.8907000e+02   1.0000000e+00
  -1.3572795e+00  -8.9928574e-01  -2.1859401e-01   1.0000000e+00   5.6197600e+02   2.8858500e+02   1.0000000e+00
  -1.3514715e+00  -8.6238089e-01  -2.8573237e-01   1.0000000e+00   5.8907000e+02   2.8627900e+02   1.0000000e+00
  -1.3414206e+00  -8.2749011e-01  -3.5285630e-01   1.0000000e+00   6.1675000e+02   2.8579500e+02   1.0000000e+00
  -1.3276715e+00  -7.9872101e-01  -4.2523238e-01   1.0000000e+00   6.4544400e+02   2.8506700e+02   1.0000000e+00
  -1.3099816e+00  -7.8157713e-01  -5.0019981e-01   1.0000000e+00   6.7350000e+02   2.8500000e+02   1.0000000e+00
  -1.2846023e+00  -7.7443039e-01  -5.7507553e-01   1.0000000e+00   7.0041900e+02   2.8702300e+02   1.0000000e+00
  -1.2118193e+00  -7.7807236e-01  -7.3068072e-01   1.0000000e+00   7.5275600e+02   2.9600000e+02   1.0000000e+00
  -1.1766589e+00  -7.8342371e-01  -8.0706572e-01   1.0000000e+00   7.7707100e+02   2.9981000e+02   1.0000000e+00
  -1.1474220e+00  -7.8570926e-01  -8.7275310e-01   1.0000000e+00   7.9787200e+02   3.0287200e+02   1.0000000e+00
  -1.1255026e+00  -7.8006716e-01  -9.2798860e-01   1.0000000e+00   8.1615800e+02   3.0521100e+02   1.0000000e+00
  -1.1145330e+00  -7.6611267e-01  -9.7346093e-01   1.0000000e+00   8.3250000e+02   3.0567500e+02   1.0000000e+00
  -1.1154131e+00  -7.4358365e-01  -1.0032552e+00   1.0000000e+00   8.4520000e+02   3.0407500e+02   1.0000000e+00
  -1.1258983e+00  -7.0897821e-01  -1.0171903e+00   1.0000000e+00   8.5535900e+02   3.0189700e+02   1.0000000e+00
  -1.1417816e+00  -6.6038482e-01  -1.0187311e+00   1.0000000e+00   8.6441500e+02   2.9997600e+02   1.0000000e+00
  -1.1574113e+00  -6.0033308e-01  -1.0135183e+00   1.0000000e+00   8.7400000e+02   2.9975600e+02   1.0000000e+00
  -1.1672896e+00  -5.3391953e-01  -1.0076264e+00   1.0000000e+00   8.8500000e+02   3.0200000e+02   1.0000000e+00
  -1.1735841e+00  -4.6073651e-01  -1.0017368e+00   1.0000000e+00   8.9802300e+02   3.0602300e+02   1.0000000e+00
  -1.2182729e+00  -2.3422269e-01  -9.6378337e-01   1.0000000e+00   9.3457100e+02   3.1295900e+02   1.0000000e+00
  -1.2364942e+00  -1.6095598e-01  -9.3843185e-01   1.0000000e+00   9.4320000e+02   3.1545500e+02   1.0000000e+00
  -1.2503505e+00  -8.9016901e-02  -9.0579410e-01   1.0000000e+00   9.4950000e+02   3.2050000e+02   1.0000000e+00
  -1.2603474e+00  -1.8980650e-02  -8.6363155e-01   1.0000000e+00   9.5273800e+02   3.2832800e+02   1.0000000e+00
  -1.2624400e+00   4.6514965e-02  -8.1112618e-01   1.0000000e+00   9.5107700e+02   3.4067700e+02   1.0000000e+00
  -1.2553236e+00   1.0185355e-01  -7.5234863e-01   1.0000000e+00   9.4490100e+02   3.5690100e+02   1.0000000e+00
  -1.2450552e+00   1.3945114e-01  -6.9478858e-01   1.0000000e+00   9.3409900e+02   3.7309900e+02   1.0000000e+00
  -1.2388997e+00   1.5235473e-01  -6.4535484e-01   1.0000000e+00   9.1890300e+02   3.8383300e+02   1.0000000e+00
  -1.2333238e+00   1.5686561e-01  -6.0284978e-01   1.0000000e+00   9.0406500e+02   3.9250700e+02   1.0000000e+00
  -1.2181108e+00   1.6794803e-01  -5.6248669e-01   1.0000000e+00   8.9193600e+02   4.0598700e+02   1.0000000e+00
  -1.1955203e+00   1.8274812e-01  -5.2287958e-01   1.0000000e+00   8.8139200e+02   4.2326600e+02   1.0000000e+00
  -1.1726812e+00   1.9952828e-01  -4.8052480e-01   1.0000000e+00   8.6968300e+02   4.4151200e+02   1.0000000e+00
  -1.1442031e+00   2.1801521e-01  -4.2761985e-01   1.0000000e+00   8.5448800e+02   4.6436000e+02   1.0000000e+00
  -1.1084172e+00   2.4343965e-01  -3.7885842e-01   1.0000000e+00   8.4274200e+02   4.9111200e+02   1.0000000e+00
  -1.0656596e+00   2.7505185e-01  -3.3810239e-01   1.0000000e+00   8.3607700e+02   5.2107700e+02   1.0000000e+00
  -1.0237271e+00   3.0524120e-01  -2.9545208e-01   1.0000000e+00   8.2804400e+02   5.5136300e+02   1.0000000e+00
  -9.8995334e-01   3.3996131e-01  -2.4305233e-01   1.0000000e+00   8.1635500e+02   5.8107500e+02   1.0000000e+00
  -9.6630633e-01   3.8412269e-01  -1.7773374e-01   1.0000000e+00   8.0076600e+02   6.1166000e+02   1.0000000e+00
  -9.5612025e-01   4.3572335e-01  -1.0796865e-01   1.0000000e+00   7.8342200e+02   6.4005900e+02   1.0000000e+00
  -9.5397538e-01   4.9039393e-01  -3.6757449e-02   1.0000000e+00   7.6492200e+02   6.6763100e+02   1.0000000e+00
  -9.5451465e-01   5.4654500e-01   3.2900372e-02   1.0000000e+00   7.4620500e+02   6.9572300e+02   1.0000000e+00
  -9.5927753e-01   5.9511624e-01   9.4032970e-02   1.0000000e+00   7.2813400e+02   7.1995000e+02   1.0000000e+00
  -9.6914742e-01   6.3455003e-01   1.4601528e-01   1.0000000e+00   7.1104800e+02   7.3829800e+02   1.0000000e+00
  -9.8243989e-01   6.6395172e-01   1.8901228e-01   1.0000000e+00   6.9513700e+02   7.5069400e+02   1.0000000e+00
  -9.9366832e-01   6.8110406e-01   2.2709004e-01   1.0000000e+00   6.7822100e+02   7.5948400e+02   1.0000000e+00
  -1.0028617e+00   6.8982311e-01   2.6179464e-01   1.0000000e+00   6.6070500e+02   7.6595900e+02   1.0000000e+00
  -1.0099449e+00   6.9256828e-01   2.9507106e-01   1.0000000e+00   6.4246600e+02   7.7120300e+02   1.0000000e+00
  -1.0150237e+00   6.8753156e-01   3.3032504e-01   1.0000000e+00   6.2132200e+02   7.7536400e+02   1.0000000e+00
  -1.0200599e+00   6.7161287e-01   3.6912313e-01   1.0000000e+00   5.9559800e+02   7.7674600e+02   1.0000000e+00
  -1.0281925e+00   6.4400874e-01   4.1088356e-01   1.0000000e+00   5.6534800e+02   7.7347000e+02   1.0000000e+00
  -1.0384591e+00   6.0682084e-01   4.5414120e-01   1.0000000e+00   5.3237700e+02   7.6642100e+02   1.0000000e+00
  -1.0465465e+00   5.6428113e-01   4.9481376e-01   1.0000000e+00   5.0097400e+02   7.5840000e+02   1.0000000e+00
  -1.0529148e+00   5.2183151e-01   5.3491524e-01   1.0000000e+00   4.7070300e+02   7.5100000e+02   1.0000000e+00
  -1.0595915e+00   4.8740918e-01   5.7306796e-01   1.0000000e+00   4.4336200e+02   7.4550000e+02   1.0000000e+00
  -1.0660686e+00   4.5373057e-01   6.1273083e-01   1.0000000e+00   4.1567000e+02   7.4070500e+02   1.0000000e+00
  -1.0730154e+00   4.1784944e-01   6.5142238e-01   1.0000000e+00   3.8864500e+02   7.3496300e+02   1.0000000e+00
  -1.0804630e+00   3.8010423e-01   6.8768030e-01   1.0000000e+00   3.6327600e+02   7.2800000e+02   1.0000000e+00
  -1.0860615e+00   3.3978008e-01   7.2476363e-01   1.0000000e+00   3.3796100e+02   7.2157800e+02   1.0000000e+00
  -1.0874445e+00   2.9534741e-01   7.6640075e-01   1.0000000e+00   3.1097900e+02   7.1694800e+02   1.0000000e+00
  -1.0806248e+00   2.4511810e-01   8.1797100e-01   1.0000000e+00   2.8060900e+02   7.1627200e+02   1.0000000e+00
  -1.0619342e+00   1.8732863e-01   8.7812053e-01   1.0000000e+00   2.4830200e+02   7.2045300e+02   1.0000000e+00
  -1.0259584e+00   1.2315347e-01   9.3597494e-01   1.0000000e+00   2.2157300e+02   7.2954900e+02   1.0000000e+00
  -9.8814424e-01   4.6357293e-02   9.8814525e-01   1.0000000e+00   1.9853200e+02   7.3444200e+02   1.0000000e+00
  -9.6123047e-01  -4.2005276e-02   1.0212754e+00   1.0000000e+00   1.8404300e+02   7.2855100e+02   1.0000000e+00
  -9.4873412e-01  -1.3526395e-01   1.0362430e+00   1.0000000e+00   1.7622700e+02   7.1319700e+02   1.0000000e+00
  -9.4576530e-01  -2.2976808e-01   1.0354996e+00   1.0000000e+00   1.7457600e+02   6.9250800e+02   1.0000000e+00
  -9.4587230e-01  -3.2904180e-01   1.0220648e+00   1.0000000e+00   1.7793100e+02   6.6903400e+02   1.0000000e+00
  -9.4612788e-01  -4.3102921e-01   9.9763983e-01   1.0000000e+00   1.8559600e+02   6.4471200e+02   1.0000000e+00
  -9.4476277e-01  -5.3281452e-01   9.6119219e-01   1.0000000e+00   1.9798000e+02   6.2068000e+02   1.0000000e+00
  -9.2910106e-01  -6.3060118e-01   9.1924614e-01   1.0000000e+00   2.1378300e+02   6.0295700e+02   1.0000000e+00
  -9.0492638e-01  -7.1824047e-01   8.7395192e-01   1.0000000e+00   2.3124400e+02   5.9044400e+02   1.0000000e+00
  -8.8133270e-01  -7.8994009e-01   8.3060066e-01   1.0000000e+00   2.4761900e+02   5.8109500e+02   1.0000000e+00
  -8.6226741e-01  -8.5085482e-01   7.9052334e-01   1.0000000e+00   2.6180000e+02   5.7307500e+02   1.0000000e+00
  -8.5329762e-01  -9.0461400e-01   7.5106843e-01   1.0000000e+00   2.7446200e+02   5.6292300e+02   1.0000000e+00
  -8.5338187e-01  -9.5164200e-01   7.1359148e-01   1.0000000e+00   2.8524300e+02   5.5175700e+02   1.0000000e+00
  -8.5352123e-01  -9.9627163e-01   6.8061146e-01   1.0000000e+00   2.9450000e+02   5.4183300e+02   1.0000000e+00
  -8.5023712e-01  -1.0409050e+00   6.4751402e-01   1.0000000e+00   3.0397200e+02   5.3291700e+02   1.0000000e+00
  -8.4424032e-01  -1.0807590e+00   6.1055498e-01   1.0000000e+00   3.1486100e+02   5.2538900e+02   1.0000000e+00
  -8.4252271e-01  -1.1083117e+00   5.6003843e-01   1.0000000e+00   3.3022200e+02   5.1666700e+02   1.0000000e+00
  -8.4200898e-01  -1.1234204e+00   4.9319093e-01   1.0000000e+00   3.5100000e+02   5.0773500e+02   1.0000000e+00
  -8.3280397e-01  -1.1331816e+00   4.1064835e-01   1.0000000e+00   3.7766700e+02   5.0022200e+02   1.0000000e+00
  -8.1150185e-01  -1.1352779e+00   3.1751363e-01   1.0000000e+00   4.0902800e+02   4.9608300e+02   1.0000000e+00
  -7.8539219e-01  -1.1236428e+00   2.2375221e-01   1.0000000e+00   4.4154300e+02   4.9491400e+02   1.0000000e+00
  -7.6707470e-01  -1.1077054e+00   1.3497375e-01   1.0000000e+00   4.7194300e+02   4.9265700e+02   1.0000000e+00
  -7.5730456e-01  -1.0882977e+00   5.3818180e-02   1.0000000e+00   4.9936100e+02   4.8908300e+02   1.0000000e+00
  -7.4147561e-01  -1.0640066e+00  -2.4978317e-02   1.0000000e+00   5.2700000e+02   4.8800000e+02   1.0000000e+00
  -7.2462353e-01  -1.0408315e+00  -9.7203038e-02   1.0000000e+00   5.5250000e+02   4.8783300e+02   1.0000000e+00
  -7.0965332e-01  -1.0221349e+00  -1.6190090e-01   1.0000000e+00   5.7500000e+02   4.8750000e+02   1.0000000e+00
  -6.9598502e-01  -1.0055279e+00  -2.2131667e-01   1.0000000e+00   5.9559500e+02   4.8716200e+02   1.0000000e+00
  -6.8842766e-01  -9.8989971e-01  -2.7376915e-01   1.0000000e+00   6.1350000e+02   4.8550000e+02   1.0000000e+00
  -6.8634541e-01  -9.7674738e-01  -3.2021725e-01   1.0000000e+00   6.2892100e+02   4.8263200e+02   1.0000000e+00
  -6.8018531e-01  -9.6781439e-01  -3.7483949e-01   1.0000000e+00   6.4662200e+02   4.7975700e+02   1.0000000e+00
  -6.6861581e-01  -9.6114741e-01  -4.3356617e-01   1.0000000e+00   6.6513500e+02   4.7770300e+02   1.0000000e+00
  -6.5666242e-01  -9.5147557e-01  -4.8829755e-01   1.0000000e+00   6.8286500e+02   4.7629700e+02   1.0000000e+00
  -6.4194474e-01  -9.3831418e-01  -5.3698380e-01   1.0000000e+00   6.9950000e+02   4.7716700e+02   1.0000000e+00
  -6.2782870e-01  -9.0721065e-01  -5.7829906e-01   1.0000000e+00   7.1607900e+02   4.7994700e+02   1.0000000e+00
  -6.1926814e-01  -8.6106462e-01  -6.1587589e-01   1.0000000e+00   7.3407900e+02   4.8394700e+02   1.0000000e+00
  -6.1441251e-01  -8.0185706e-01  -6.4620480e-01   1.0000000e+00   7.5200000e+02   4.8859000e+02   1.0000000e+00
  -6.0798927e-01  -7.3340290e-01  -6.7074840e-01   1.0000000e+00   7.7007900e+02   4.9563200e+02   1.0000000e+00
  -6.0360588e-01  -6.5668744e-01  -6.9006545e-01   1.0000000e+00   7.8846300e+02   5.0387800e+02   1.0000000e+00
  -6.0127308e-01  -5.7921918e-01  -7.0837530e-01   1.0000000e+00   8.0714600e+02   5.1185400e+02   1.0000000e+00
  -6.0251117e-01  -5.0225868e-01  -7.2628608e-01   1.0000000e+00   8.2611600e+02   5.1888400e+02   1.0000000e+00
  -6.0097519e-01  -4.1452344e-01  -7.4532904e-01   1.0000000e+00   8.4823400e+02   5.2855300e+02   1.0000000e+00
  -6.0945706e-01  -3.2704529e-01  -7.5542863e-01   1.0000000e+00   8.6800000e+02   5.3639100e+02   1.0000000e+00
  -6.2435523e-01  -2.4591552e-01  -7.5929905e-01   1.0000000e+00   8.8540000e+02   5.4240000e+02   1.0000000e+00
  -6.3889238e-01  -1.7149206e-01  -7.6147453e-01   1.0000000e+00   9.0124500e+02   5.4791800e+02   1.0000000e+00
  -6.4927799e-01  -1.0056470e-01  -7.6214439e-01   1.0000000e+00   9.1686000e+02   5.5470000e+02   1.0000000e+00
  -6.5718635e-01  -2.9060718e-02  -7.5928832e-01   1.0000000e+00   9.3214800e+02   5.6350000e+02   1.0000000e+00
  -6.6584799e-01   4.4404669e-02  -7.5097327e-01   1.0000000e+00   9.4656100e+02   5.7317500e+02   1.0000000e+00
  -6.7345094e-01   1.2248600e-01  -7.3771600e-01   1.0000000e+00   9.6133900e+02   5.8528800e+02   1.0000000e+00
  -6.7949006e-01   2.0540665e-01  -7.1957027e-01   1.0000000e+00   9.7650000e+02   6.0000000e+02   1.0000000e+00
  -6.8116321e-01   2.8203727e-01  -6.9653831e-01   1.0000000e+00   9.8891000e+02   6.1691000e+02   1.0000000e+00
  -6.7176050e-01   3.5575769e-01  -6.6735963e-01   1.0000000e+00   9.9905900e+02   6.3902900e+02   1.0000000e+00
  -6.6561054e-01   4.2943922e-01  -6.2455542e-01   1.0000000e+00   1.0048700e+03   6.6354900e+02   1.0000000e+00
  -6.6610812e-01   5.0130105e-01  -5.7282298e-01   1.0000000e+00   1.0067900e+03   6.8787700e+02   1.0000000e+00
  -6.6943889e-01   5.6844063e-01  -5.1182722e-01   1.0000000e+00   1.0034900e+03   7.1325900e+02   1.0000000e+00
  -6.7689455e-01   6.2966099e-01  -4.4196024e-01   1.0000000e+00   9.9445700e+02   7.3863000e+02   1.0000000e+00
  -6.8540973e-01   6.8502548e-01  -3.6804173e-01   1.0000000e+00   9.8109100e+02   7.6446600e+02   1.0000000e+00
  -6.8950018e-01   7.3884654e-01  -2.9159537e-01   1.0000000e+00   9.6535500e+02   7.9386000e+02   1.0000000e+00
  -6.9033760e-01   7.8831164e-01  -2.1139478e-01   1.0000000e+00   9.4557100e+02   8.2598000e+02   1.0000000e+00
  -7.0125625e-01   8.2881552e-01  -1.3543691e-01   1.0000000e+00   9.2314800e+02   8.5160400e+02   1.0000000e+00
  -7.1754787e-01   8.6490232e-01  -6.9460756e-02   1.0000000e+00   9.0266100e+02   8.7258700e+02   1.0000000e+00
  -7.3297155e-01   8.9761629e-01  -6.4790147e-03   1.0000000e+00   8.8150000e+02   8.9303700e+02   1.0000000e+00
  -7.4975993e-01   9.2346137e-01   5.5258230e-02   1.0000000e+00   8.5758100e+02   9.1094000e+02   1.0000000e+00
  -7.5888306e-01   9.4577163e-01   1.1755124e-01   1.0000000e+00   8.3136700e+02   9.3173300e+02   1.0000000e+00
  -7.5426760e-01   9.6837111e-01   1.8315185e-01   1.0000000e+00   8.0345400e+02   9.6047900e+02   1.0000000e+00
  -7.4336269e-01   9.8584567e-01   2.4582874e-01   1.0000000e+00   7.7497600e+02   9.8980800e+02   1.0000000e+00
  -7.2664381e-01   9.9666278e-01   3.1147325e-01   1.0000000e+00   7.4254600e+02   1.0193800e+03   1.0000000e+00
  -7.3590080e-01   7.0453299e-01   7.9131899e-01   1.0000000e+00   4.0278300e+02   1.0165800e+03   1.0000000e+00
  -7.4975909e-01   6.5280569e-01   8.4101317e-01   1.0000000e+00   3.6502900e+02   1.0015800e+03   1.0000000e+00
  -7.5650980e-01   6.0775349e-01   8.9109651e-01   1.0000000e+00   3.3012700e+02   9.9276500e+02   1.0000000e+00
  -7.6387047e-01   5.6479295e-01   9.4123158e-01   1.0000000e+00   2.9623500e+02   9.8465300e+02   1.0000000e+00
  -7.7321728e-01   5.2096500e-01   9.8961002e-01   1.0000000e+00   2.6328400e+02   9.7502100e+02   1.0000000e+00
  -7.7586619e-01   4.7629800e-01   1.0388296e+00   1.0000000e+00   2.3200000e+02   9.6816500e+02   1.0000000e+00
  -7.7201888e-01   4.3240923e-01   1.0872539e+00   1.0000000e+00   2.0391900e+02   9.6418900e+02   1.0000000e+00
  -7.7767295e-01   3.1875591e-01   1.1628217e+00   1.0000000e+00   1.5635700e+02   9.3744600e+02   1.0000000e+00
  -7.8784302e-01   2.4559808e-01   1.1820446e+00   1.0000000e+00   1.4275900e+02   9.1206900e+02   1.0000000e+00
  -8.2307979e-01  -1.8130157e-01   1.2327394e+00   1.0000000e+00   1.0528600e+02   7.8123800e+02   1.0000000e+00
  -8.2115254e-01  -2.6761583e-01   1.2314396e+00   1.0000000e+00   1.0684900e+02   7.6141500e+02   1.0000000e+00
  -8.2972305e-01  -3.3845722e-01   1.2307653e+00   1.0000000e+00   1.0538500e+02   7.4161500e+02   1.0000000e+00
  -8.3557151e-01  -4.0355141e-01   1.2290631e+00   1.0000000e+00   1.0460900e+02   7.2473900e+02   1.0000000e+00
  -8.4070898e-01  -4.6513899e-01   1.2218827e+00   1.0000000e+00   1.0663800e+02   7.0866000e+02   1.0000000e+00
  -8.4545781e-01  -5.2477481e-01   1.2109299e+00   1.0000000e+00   1.1033300e+02   6.9304400e+02   1.0000000e+00
  -8.4332740e-01  -5.8750202e-01   1.1981901e+00   1.0000000e+00   1.1547700e+02   6.7920500e+02   1.0000000e+00
  -8.3356932e-01  -6.5317561e-01   1.1805675e+00   1.0000000e+00   1.2360000e+02   6.6737500e+02   1.0000000e+00
  -8.2145375e-01  -7.1266728e-01   1.1575168e+00   1.0000000e+00   1.3384200e+02   6.5705300e+02   1.0000000e+00
  -7.9912092e-01  -7.7274990e-01   1.1366490e+00   1.0000000e+00   1.4413900e+02   6.5061100e+02   1.0000000e+00
  -7.8089275e-01  -8.2897867e-01   1.1011260e+00   1.0000000e+00   1.5908600e+02   6.4185700e+02   1.0000000e+00
  -7.7330072e-01  -8.7948863e-01   1.0448567e+00   1.0000000e+00   1.7977100e+02   6.2842900e+02   1.0000000e+00
  -7.6799823e-01  -9.2352861e-01   9.7611747e-01   1.0000000e+00   2.0424200e+02   6.1442400e+02   1.0000000e+00
  -7.6375784e-01  -9.6174873e-01   8.9570906e-01   1.0000000e+00   2.3200000e+02   5.9973500e+02   1.0000000e+00
  -7.5946851e-01  -9.9277163e-01   8.1100368e-01   1.0000000e+00   2.6074300e+02   5.8625700e+02   1.0000000e+00
  -7.4798025e-01  -1.0231622e+00   7.2728913e-01   1.0000000e+00   2.8886100e+02   5.7538900e+02   1.0000000e+00
  -7.2869556e-01  -1.0559757e+00   6.4087113e-01   1.0000000e+00   3.1829400e+02   5.6650000e+02   1.0000000e+00
  -7.2425783e-01  -1.0804249e+00   5.4878265e-01   1.0000000e+00   3.4700000e+02   5.5373500e+02   1.0000000e+00
  -7.3649824e-01  -1.0987585e+00   4.6907982e-01   1.0000000e+00   3.7011400e+02   5.3911400e+02   1.0000000e+00
  -7.4664011e-01  -1.1189299e+00   3.9920785e-01   1.0000000e+00   3.9000000e+02   5.2573500e+02   1.0000000e+00
  -7.5670276e-01  -1.1408713e+00   3.3453779e-01   1.0000000e+00   4.0817600e+02   5.1335300e+02   1.0000000e+00
  -7.6817785e-01  -1.1550801e+00   2.6986263e-01   1.0000000e+00   4.2609100e+02   5.0130300e+02   1.0000000e+00
  -7.6976979e-01  -1.1709111e+00   2.0678987e-01   1.0000000e+00   4.4450000e+02   4.9250000e+02   1.0000000e+00
  -7.6776930e-01  -1.1851931e+00   1.4239227e-01   1.0000000e+00   4.6300000e+02   4.8473500e+02   1.0000000e+00
  -7.6814342e-01  -1.1921261e+00   8.8078912e-02   1.0000000e+00   4.7873500e+02   4.7823500e+02   1.0000000e+00
  -7.7073771e-01  -1.1926178e+00   2.7453707e-02   1.0000000e+00   4.9650000e+02   4.7150000e+02   1.0000000e+00
  -7.7701019e-01  -1.1791296e+00  -3.8770635e-02   1.0000000e+00   5.1720600e+02   4.6391200e+02   1.0000000e+00
  -7.8553761e-01  -1.1583311e+00  -1.0727076e-01   1.0000000e+00   5.3897200e+02   4.5691700e+02   1.0000000e+00
  -7.9135314e-01  -1.1351893e+00  -1.7415615e-01   1.0000000e+00   5.6088600e+02   4.5088600e+02   1.0000000e+00
  -7.9365423e-01  -1.1122399e+00  -2.3830319e-01   1.0000000e+00   5.8211400e+02   4.4611400e+02   1.0000000e+00
  -7.9368952e-01  -1.0897888e+00  -3.0439728e-01   1.0000000e+00   6.0422900e+02   4.4157100e+02   1.0000000e+00
  -7.9173346e-01  -1.0634037e+00  -3.6887819e-01   1.0000000e+00   6.2641200e+02   4.3832400e+02   1.0000000e+00
  -7.9296506e-01  -1.0397522e+00  -4.3347733e-01   1.0000000e+00   6.4808800e+02   4.3379400e+02   1.0000000e+00
  -7.9807886e-01  -1.0274153e+00  -4.9233836e-01   1.0000000e+00   6.6650000e+02   4.2750000e+02   1.0000000e+00
  -8.0328198e-01  -1.0244653e+00  -5.5007776e-01   1.0000000e+00   6.8322200e+02   4.2066700e+02   1.0000000e+00
  -8.0817486e-01  -1.0227700e+00  -6.0790659e-01   1.0000000e+00   6.9971400e+02   4.1385700e+02   1.0000000e+00
  -8.0986782e-01  -1.0241000e+00  -6.6429997e-01   1.0000000e+00   7.1530300e+02   4.0790900e+02   1.0000000e+00
  -8.0269476e-01  -1.0276920e+00  -7.1983445e-01   1.0000000e+00   7.3062500e+02   4.0434400e+02   1.0000000e+00
  -7.9278325e-01  -1.0331374e+00  -7.8391192e-01   1.0000000e+00   7.4821200e+02   4.0054500e+02   1.0000000e+00
  -7.8429538e-01  -1.0222324e+00  -8.4212921e-01   1.0000000e+00   7.6606100e+02   3.9842400e+02   1.0000000e+00
  -7.1028808e-01  -6.9598603e-01  -1.0303511e+00   1.0000000e+00   8.7484200e+02   4.3178900e+02   1.0000000e+00
  -6.9608508e-01  -5.8607452e-01  -1.0402333e+00   1.0000000e+00   8.9882500e+02   4.4622500e+02   1.0000000e+00
  -6.8605909e-01  -4.6966285e-01  -1.0401755e+00   1.0000000e+00   9.2182500e+02   4.6195000e+02   1.0000000e+00
  -6.8452274e-01  -3.5487058e-01  -1.0359188e+00   1.0000000e+00   9.4475600e+02   4.7600000e+02   1.0000000e+00
  -6.8844310e-01  -2.4780697e-01  -1.0235908e+00   1.0000000e+00   9.6439600e+02   4.8939600e+02   1.0000000e+00
  -6.9058437e-01  -1.5012167e-01  -1.0049866e+00   1.0000000e+00   9.8102100e+02   5.0337500e+02   1.0000000e+00
  -6.9465163e-01  -6.2519938e-02  -9.8491836e-01   1.0000000e+00   9.9530000e+02   5.1672000e+02   1.0000000e+00
  -7.0290048e-01   1.6575305e-02  -9.6271999e-01   1.0000000e+00   1.0076300e+03   5.2829600e+02   1.0000000e+00
  -7.1315831e-01   9.1602148e-02  -9.4122218e-01   1.0000000e+00   1.0202200e+03   5.3852700e+02   1.0000000e+00
  -7.1953474e-01   1.6562719e-01  -9.2118177e-01   1.0000000e+00   1.0332900e+03   5.5050000e+02   1.0000000e+00
  -7.1864796e-01   2.4190360e-01  -9.0415767e-01   1.0000000e+00   1.0488000e+03   5.6570500e+02   1.0000000e+00
  -7.0922432e-01   3.1314284e-01  -8.8479644e-01   1.0000000e+00   1.0629400e+03   5.8400000e+02   1.0000000e+00
  -6.9813185e-01   3.8628226e-01  -8.6310815e-01   1.0000000e+00   1.0773700e+03   6.0474200e+02   1.0000000e+00
  -6.9306264e-01   4.5706043e-01  -8.2614518e-01   1.0000000e+00   1.0863100e+03   6.2600000e+02   1.0000000e+00
  -6.9165721e-01   5.2569084e-01  -7.8075138e-01   1.0000000e+00   1.0919000e+03   6.4808700e+02   1.0000000e+00
  -6.9451849e-01   5.8841968e-01  -7.2991266e-01   1.0000000e+00   1.0938000e+03   6.6932400e+02   1.0000000e+00
  -6.9975916e-01   6.4564092e-01  -6.7102548e-01   1.0000000e+00   1.0906000e+03   6.9079200e+02   1.0000000e+00
  -7.0488784e-01   7.0091561e-01  -6.0494860e-01   1.0000000e+00   1.0836300e+03   7.1458800e+02   1.0000000e+00
  -7.0905149e-01   7.5576320e-01  -5.3462900e-01   1.0000000e+00   1.0743500e+03   7.4079100e+02   1.0000000e+00
  -7.1151551e-01   8.0980935e-01  -4.6092380e-01   1.0000000e+00   1.0631600e+03   7.6950000e+02   1.0000000e+00
  -7.1973525e-01   8.6131186e-01  -3.8768727e-01   1.0000000e+00   1.0500100e+03   7.9706200e+02   1.0000000e+00
  -7.4824678e-01   9.4756979e-01  -2.6750261e-01   1.0000000e+00   1.0269900e+03   8.4034300e+02   1.0000000e+00
