  -1.1699113e+00  -9.8162944e-01  -7.4672501e-01   1.0000000e+00   9.9345700e+02   7.2085700e+01   1.0000000e+00
  -1.2202984e+00  -9.1534868e-01  -6.8296775e-01   1.0000000e+00   9.7742400e+02   5.5575800e+01   1.0000000e+00
  -1.3017673e+00  -7.9097119e-01  -5.9367974e-01   1.0000000e+00   9.5781600e+02   2.6342100e+01   1.0000000e+00
  -1.3201978e+00  -7.2507912e-01  -5.5629363e-01   1.0000000e+00   9.5102500e+02   2.0325000e+01   1.0000000e+00
  -1.3255773e+00  -6.5305058e-01  -5.2393953e-01   1.0000000e+00   9.4734800e+02   1.9195700e+01   1.0000000e+00
  -1.3270969e+00  -5.7873316e-01  -5.0169740e-01   1.0000000e+00   9.4835400e+02   1.9354200e+01   1.0000000e+00
  -1.3316678e+00  -5.0802962e-01  -4.9407502e-01   1.0000000e+00   9.5530600e+02   1.7061200e+01   1.0000000e+00
  -1.3372178e+00  -4.4125125e-01  -4.9485361e-01   1.0000000e+00   9.6552800e+02   1.3773600e+01   1.0000000e+00
  -1.3414968e+00  -3.7907191e-01  -4.9442938e-01   1.0000000e+00   9.7550000e+02   1.1240700e+01   1.0000000e+00
  -1.3472734e+00  -3.1364893e-01  -4.8246364e-01   1.0000000e+00   9.8064900e+02   8.5438600e+00   1.0000000e+00
  -1.3514988e+00  -2.4752225e-01  -4.6968516e-01   1.0000000e+00   9.8606300e+02   6.3015900e+00   1.0000000e+00
  -1.3494337e+00  -1.8781528e-01  -4.6297946e-01   1.0000000e+00   9.9348400e+02   7.2343800e+00   1.0000000e+00
  -1.3404927e+00  -1.3682386e-01  -4.6232039e-01   1.0000000e+00   1.0029400e+03   1.1578100e+01   1.0000000e+00
  -1.3258054e+00  -9.0189137e-02  -4.5985849e-01   1.0000000e+00   1.0110500e+03   1.9630800e+01   1.0000000e+00
  -1.3097508e+00  -4.7675319e-02  -4.5430178e-01   1.0000000e+00   1.0169400e+03   2.9042900e+01   1.0000000e+00
  -1.3013776e+00  -1.7591834e-02  -4.5196621e-01   1.0000000e+00   1.0220400e+03   3.3944400e+01   1.0000000e+00
  -1.3052150e+00  -8.4210095e-04  -4.5971887e-01   1.0000000e+00   1.0296400e+03   3.1013700e+01   1.0000000e+00
  -1.3116143e+00   2.0506209e-02  -4.7095261e-01   1.0000000e+00   1.0402800e+03   2.6270300e+01   1.0000000e+00
  -1.3111453e+00   5.0342986e-02  -4.8143752e-01   1.0000000e+00   1.0526800e+03   2.5421100e+01   1.0000000e+00
  -1.3022691e+00   7.9321023e-02  -4.9739379e-01   1.0000000e+00   1.0683600e+03   2.9626500e+01   1.0000000e+00
  -1.2895017e+00   9.8802521e-02  -5.2390384e-01   1.0000000e+00   1.0878700e+03   3.5227800e+01   1.0000000e+00
  -1.2711158e+00   1.1249744e-01  -5.6119384e-01   1.0000000e+00   1.1123100e+03   4.3595200e+01   1.0000000e+00
  -1.2466102e+00   1.2225993e-01  -6.0923488e-01   1.0000000e+00   1.1416400e+03   5.4678600e+01   1.0000000e+00
  -1.2157818e+00   1.2869235e-01  -6.6814154e-01   1.0000000e+00   1.1761100e+03   6.8642000e+01   1.0000000e+00
  -1.1783565e+00   1.3074263e-01  -7.3334388e-01   1.0000000e+00   1.2123100e+03   8.6012800e+01   1.0000000e+00
  -1.1400454e+00   1.2451444e-01  -7.9568312e-01   1.0000000e+00   1.2437600e+03   1.0385300e+02   1.0000000e+00
  -1.1105610e+00   1.1149430e-01  -8.3854077e-01   1.0000000e+00   1.2621600e+03   1.1704100e+02   1.0000000e+00
  -1.0897819e+00   9.4589071e-02  -8.6206794e-01   1.0000000e+00   1.2689100e+03   1.2661200e+02   1.0000000e+00
  -1.0749971e+00   7.5094774e-02  -8.7165446e-01   1.0000000e+00   1.2674300e+03   1.3353600e+02   1.0000000e+00
  -1.0650516e+00   5.3213037e-02  -8.6717849e-01   1.0000000e+00   1.2580000e+03   1.3850000e+02   1.0000000e+00
  -1.0581437e+00   2.6201700e-02  -8.4451779e-01   1.0000000e+00   1.2379400e+03   1.4287000e+02   1.0000000e+00
  -1.0534347e+00  -6.9888077e-03  -8.0644101e-01   1.0000000e+00   1.2088400e+03   1.4689600e+02   1.0000000e+00
  -1.0489458e+00  -4.4027627e-02  -7.6019688e-01   1.0000000e+00   1.1755800e+03   1.5085500e+02   1.0000000e+00
  -1.0420535e+00  -8.7018324e-02  -7.1065747e-01   1.0000000e+00   1.1400000e+03   1.5600000e+02   1.0000000e+00
  -1.0339970e+00  -1.4168061e-01  -6.5616215e-01   1.0000000e+00   1.1010200e+03   1.6118200e+02   1.0000000e+00
  -1.0232827e+00  -2.0680201e-01  -5.9735214e-01   1.0000000e+00   1.0593200e+03   1.6737100e+02   1.0000000e+00
  -1.0160296e+00  -2.7643277e-01  -5.4386104e-01   1.0000000e+00   1.0214700e+03   1.7086200e+02   1.0000000e+00
  -1.0134330e+00  -3.3436559e-01  -5.0298338e-01   1.0000000e+00   9.9290000e+02   1.7171700e+02   1.0000000e+00
  -1.0167900e+00  -3.8510664e-01  -4.6845730e-01   1.0000000e+00   9.6938600e+02   1.7000000e+02   1.0000000e+00
  -1.0258256e+00  -4.3050518e-01  -4.3326231e-01   1.0000000e+00   9.4666000e+02   1.6577400e+02   1.0000000e+00
  -1.0388627e+00  -4.7063947e-01  -3.9854326e-01   1.0000000e+00   9.2558500e+02   1.6032100e+02   1.0000000e+00
  -1.0516062e+00  -5.0964930e-01  -3.6259463e-01   1.0000000e+00   9.0468600e+02   1.5505900e+02   1.0000000e+00
  -1.0605108e+00  -5.5141899e-01  -3.2180116e-01   1.0000000e+00   8.8202000e+02   1.5183700e+02   1.0000000e+00
  -1.0611542e+00  -5.9946294e-01  -2.7531473e-01   1.0000000e+00   8.5700000e+02   1.5250000e+02   1.0000000e+00
  -1.0568420e+00  -6.5606090e-01  -2.2609640e-01   1.0000000e+00   8.3100000e+02   1.5500000e+02   1.0000000e+00
  -1.0458938e+00  -7.0996739e-01  -1.7522769e-01   1.0000000e+00   8.0567300e+02   1.6057100e+02   1.0000000e+00
  -1.0347442e+00  -7.6540285e-01  -1.1528128e-01   1.0000000e+00   7.7754000e+02   1.6640000e+02   1.0000000e+00
  -1.0373678e+00  -8.0613270e-01  -4.1475327e-02   1.0000000e+00   7.4531100e+02   1.6802200e+02   1.0000000e+00
  -1.0495149e+00  -8.2944572e-01   3.9070850e-02   1.0000000e+00   7.1172900e+02   1.6662500e+02   1.0000000e+00
  -1.0572167e+00  -8.4148053e-01   1.2226349e-01   1.0000000e+00   6.7795500e+02   1.6793200e+02   1.0000000e+00
  -1.0571479e+00  -8.4045227e-01   2.0808830e-01   1.0000000e+00   6.4417000e+02   1.7302100e+02   1.0000000e+00
  -1.0498072e+00  -8.2803192e-01   2.9805986e-01   1.0000000e+00   6.0939100e+02   1.8200000e+02   1.0000000e+00
  -1.0369210e+00  -8.1071812e-01   3.9329632e-01   1.0000000e+00   5.7260000e+02   1.9360000e+02   1.0000000e+00
  -1.0236831e+00  -7.9158650e-01   4.8982737e-01   1.0000000e+00   5.3516700e+02   2.0593800e+02   1.0000000e+00
  -1.0087254e+00  -7.7219030e-01   5.8705278e-01   1.0000000e+00   4.9716700e+02   2.1910400e+02   1.0000000e+00
  -1.0039882e+00  -7.5589574e-01   6.6626480e-01   1.0000000e+00   4.6525000e+02   2.2700000e+02   1.0000000e+00
  -1.0134599e+00  -7.4029512e-01   7.2865134e-01   1.0000000e+00   4.3916700e+02   2.2810400e+02   1.0000000e+00
  -1.0342106e+00  -7.2227268e-01   7.8100109e-01   1.0000000e+00   4.1568600e+02   2.2421600e+02   1.0000000e+00
  -1.0617223e+00  -7.0251995e-01   8.2062229e-01   1.0000000e+00   3.9650000e+02   2.1650000e+02   1.0000000e+00
  -1.0870648e+00  -6.8358595e-01   8.5160203e-01   1.0000000e+00   3.8069200e+02   2.0913500e+02   1.0000000e+00
  -1.1042285e+00  -6.6805454e-01   8.8327194e-01   1.0000000e+00   3.6547300e+02   2.0478200e+02   1.0000000e+00
  -1.1151961e+00  -6.5333500e-01   9.2094818e-01   1.0000000e+00   3.4775000e+02   2.0361500e+02   1.0000000e+00
  -1.1194341e+00  -6.3130745e-01   9.6717203e-01   1.0000000e+00   3.2652600e+02   2.0607000e+02   1.0000000e+00
  -1.1265527e+00  -5.8788072e-01   1.0205579e+00   1.0000000e+00   2.9992900e+02   2.0926800e+02   1.0000000e+00
  -1.1329905e+00  -5.2296376e-01   1.0660394e+00   1.0000000e+00   2.7421100e+02   2.1349100e+02   1.0000000e+00
  -1.1329292e+00  -4.4537304e-01   1.1035188e+00   1.0000000e+00   2.5030200e+02   2.2093700e+02   1.0000000e+00
  -1.1225624e+00  -3.5836915e-01   1.1306443e+00   1.0000000e+00   2.2995300e+02   2.3376600e+02   1.0000000e+00
  -1.1048370e+00  -2.6785025e-01   1.1481411e+00   1.0000000e+00   2.1410100e+02   2.5078300e+02   1.0000000e+00
  -1.0833615e+00  -1.7615969e-01   1.1561759e+00   1.0000000e+00   2.0139500e+02   2.6952600e+02   1.0000000e+00
  -1.0571792e+00  -9.1292309e-02   1.1548677e+00   1.0000000e+00   1.9412500e+02   2.9050000e+02   1.0000000e+00
  -1.0323404e+00  -1.2408795e-02   1.1500142e+00   1.0000000e+00   1.8900000e+02   3.1134100e+02   1.0000000e+00
  -1.0245765e+00   5.3624332e-02   1.1419207e+00   1.0000000e+00   1.8480200e+02   3.2240700e+02   1.0000000e+00
  -1.0293513e+00   1.1201305e-01   1.1270747e+00   1.0000000e+00   1.8317200e+02   3.2575300e+02   1.0000000e+00
  -1.0375959e+00   1.6616762e-01   1.1084839e+00   1.0000000e+00   1.8394800e+02   3.2638100e+02   1.0000000e+00
  -1.0448863e+00   2.1721370e-01   1.0880243e+00   1.0000000e+00   1.8634700e+02   3.2724800e+02   1.0000000e+00
  -1.0508104e+00   2.6715340e-01   1.0671532e+00   1.0000000e+00   1.8950000e+02   3.2835200e+02   1.0000000e+00
  -1.0596416e+00   3.1602882e-01   1.0502664e+00   1.0000000e+00   1.9017000e+02   3.2833900e+02   1.0000000e+00
  -1.0679379e+00   3.6522643e-01   1.0324353e+00   1.0000000e+00   1.9134700e+02   3.2850800e+02   1.0000000e+00
  -1.0688134e+00   4.1755796e-01   1.0076180e+00   1.0000000e+00   1.9753200e+02   3.3359700e+02   1.0000000e+00
  -1.0698796e+00   4.6788807e-01   9.6143323e-01   1.0000000e+00   2.1803000e+02   3.3547000e+02   1.0000000e+00
  -1.0706875e+00   5.1354095e-01   9.0264687e-01   1.0000000e+00   2.5026600e+02   3.3579900e+02   1.0000000e+00
  -1.0686180e+00   5.5367254e-01   8.3946367e-01   1.0000000e+00   2.8778500e+02   3.3665800e+02   1.0000000e+00
  -1.0637841e+00   5.8813557e-01   7.7424372e-01   1.0000000e+00   3.2974400e+02   3.3850000e+02   1.0000000e+00
  -1.0537865e+00   6.2009106e-01   7.0328617e-01   1.0000000e+00   3.7856400e+02   3.4289600e+02   1.0000000e+00
  -1.0327946e+00   6.5577653e-01   6.2676631e-01   1.0000000e+00   4.3448800e+02   3.5543400e+02   1.0000000e+00
  -9.9962454e-01   6.9584383e-01   5.4576056e-01   1.0000000e+00   4.9720000e+02   3.7753300e+02   1.0000000e+00
  -9.7537986e-01   7.3620644e-01   4.6833419e-01   1.0000000e+00   5.5821800e+02   3.9452700e+02   1.0000000e+00
  -9.7325231e-01   7.6663234e-01   4.1075601e-01   1.0000000e+00   6.0344500e+02   3.9577500e+02   1.0000000e+00
  -9.8859605e-01   7.8861534e-01   3.6183702e-01   1.0000000e+00   6.4090300e+02   3.8314900e+02   1.0000000e+00
  -1.0095394e+00   8.0580673e-01   3.1656988e-01   1.0000000e+00   6.7579000e+02   3.6532700e+02   1.0000000e+00
  -1.0268332e+00   8.2335703e-01   2.7342077e-01   1.0000000e+00   7.1046400e+02   3.5016600e+02   1.0000000e+00
  -1.0343680e+00   8.4307218e-01   2.2921243e-01   1.0000000e+00   7.4803700e+02   3.4256500e+02   1.0000000e+00
  -1.0301318e+00   8.6349459e-01   1.8118408e-01   1.0000000e+00   7.9087500e+02   3.4421300e+02   1.0000000e+00
  -1.0180928e+00   8.8274361e-01   1.2828430e-01   1.0000000e+00   8.3889400e+02   3.5141500e+02   1.0000000e+00
  -1.0099097e+00   8.9793237e-01   7.4462256e-02   1.0000000e+00   8.8722500e+02   3.5465300e+02   1.0000000e+00
  -9.9955402e-01   9.0840523e-01   2.1115903e-02   1.0000000e+00   9.3464700e+02   3.5861500e+02   1.0000000e+00
  -9.8876830e-01   9.1055086e-01  -3.8552273e-02   1.0000000e+00   9.8494100e+02   3.6047000e+02   1.0000000e+00
  -9.8625091e-01   8.9252132e-01  -9.7653920e-02   1.0000000e+00   1.0278700e+03   3.5140000e+02   1.0000000e+00
  -9.8549737e-01   8.5954218e-01  -1.5399316e-01   1.0000000e+00   1.0623300e+03   3.3857000e+02   1.0000000e+00
  -9.8160826e-01   8.1808036e-01  -2.0638411e-01   1.0000000e+00   1.0894300e+03   3.2785600e+02   1.0000000e+00
  -9.7548420e-01   7.6765645e-01  -2.5501239e-01   1.0000000e+00   1.1090100e+03   3.1806600e+02   1.0000000e+00
  -9.6276141e-01   7.0967399e-01  -3.0502771e-01   1.0000000e+00   1.1255900e+03   3.1238200e+02   1.0000000e+00
  -9.3942460e-01   6.4354405e-01  -3.6312941e-01   1.0000000e+00   1.1438400e+03   3.1243800e+02   1.0000000e+00
  -9.0465576e-01   5.6674954e-01  -4.2173128e-01   1.0000000e+00   1.1572800e+03   3.1847300e+02   1.0000000e+00
  -8.7689480e-01   1.1192194e-01  -7.3271314e-01   1.0000000e+00   1.2006400e+03   2.5295500e+02   1.0000000e+00
  -9.2152999e-01   1.0617343e-01  -7.5622758e-01   1.0000000e+00   1.2121900e+03   2.2780800e+02   1.0000000e+00
  -9.5844093e-01   8.9941697e-02  -7.7087063e-01   1.0000000e+00   1.2157500e+03   2.0605900e+02   1.0000000e+00
  -9.8137851e-01   5.5756282e-02  -7.8378182e-01   1.0000000e+00   1.2132100e+03   1.9053700e+02   1.0000000e+00
  -9.9441415e-01   1.1305827e-02  -7.9324506e-01   1.0000000e+00   1.2060600e+03   1.8018500e+02   1.0000000e+00
  -1.0007757e+00  -3.7603302e-02  -7.9698982e-01   1.0000000e+00   1.1948900e+03   1.7359700e+02   1.0000000e+00
  -9.9633500e-01  -8.9828186e-02  -7.9612446e-01   1.0000000e+00   1.1809000e+03   1.7348400e+02   1.0000000e+00
  -9.7833431e-01  -1.5163884e-01  -7.9495858e-01   1.0000000e+00   1.1649500e+03   1.7922000e+02   1.0000000e+00
  -9.4710808e-01  -2.1887389e-01  -7.9089390e-01   1.0000000e+00   1.1470200e+03   1.9085500e+02   1.0000000e+00
  -9.1984100e-01  -2.8716057e-01  -7.8641239e-01   1.0000000e+00   1.1295800e+03   2.0025000e+02   1.0000000e+00
  -9.1003198e-01  -3.4444212e-01  -7.8076139e-01   1.0000000e+00   1.1152900e+03   2.0157700e+02   1.0000000e+00
  -9.0951932e-01  -3.9291554e-01  -7.7240904e-01   1.0000000e+00   1.1016700e+03   1.9964700e+02   1.0000000e+00
  -9.0079883e-01  -4.3966658e-01  -7.6187969e-01   1.0000000e+00   1.0884000e+03   2.0140000e+02   1.0000000e+00
  -8.7501027e-01  -4.8248921e-01  -7.4566452e-01   1.0000000e+00   1.0736900e+03   2.1106100e+02   1.0000000e+00
  -8.4293834e-01  -5.3206778e-01  -7.2704087e-01   1.0000000e+00   1.0575600e+03   2.2293300e+02   1.0000000e+00
  -8.1758593e-01  -5.8839446e-01  -7.0882785e-01   1.0000000e+00   1.0410000e+03   2.3100000e+02   1.0000000e+00
  -8.0072561e-01  -6.5015397e-01  -6.9143034e-01   1.0000000e+00   1.0243300e+03   2.3500000e+02   1.0000000e+00
  -7.8710050e-01  -7.2149019e-01  -6.7116815e-01   1.0000000e+00   1.0061200e+03   2.3711600e+02   1.0000000e+00
  -7.7688659e-01  -7.9949203e-01  -6.4456831e-01   1.0000000e+00   9.8507500e+02   2.3780000e+02   1.0000000e+00
  -7.6433195e-01  -8.5867516e-01  -6.1079547e-01   1.0000000e+00   9.6500000e+02   2.4050000e+02   1.0000000e+00
  -7.4752482e-01  -9.1114979e-01  -5.7032049e-01   1.0000000e+00   9.4412800e+02   2.4587200e+02   1.0000000e+00
  -7.3405591e-01  -9.5911671e-01  -5.2040554e-01   1.0000000e+00   9.2100000e+02   2.5050000e+02   1.0000000e+00
  -7.3059556e-01  -9.9768180e-01  -4.6169683e-01   1.0000000e+00   8.9600000e+02   2.5250000e+02   1.0000000e+00
  -7.3177615e-01  -1.0296688e+00  -3.9205049e-01   1.0000000e+00   8.6813500e+02   2.5370300e+02   1.0000000e+00
  -7.3182215e-01  -1.0546302e+00  -3.1006291e-01   1.0000000e+00   8.3689500e+02   2.5621100e+02   1.0000000e+00
  -7.2465528e-01  -1.0714788e+00  -2.1900448e-01   1.0000000e+00   8.0377800e+02   2.6233300e+02   1.0000000e+00
  -7.0804590e-01  -1.0875213e+00  -1.2388561e-01   1.0000000e+00   7.6987200e+02   2.7212800e+02   1.0000000e+00
  -6.9384996e-01  -1.0997701e+00  -3.5960033e-02   1.0000000e+00   7.3876900e+02   2.8084600e+02   1.0000000e+00
  -6.8738644e-01  -1.1057167e+00   3.7869057e-02   1.0000000e+00   7.1300000e+02   2.8659000e+02   1.0000000e+00
  -6.8391945e-01  -1.1151214e+00   1.0492292e-01   1.0000000e+00   6.8910300e+02   2.9071800e+02   1.0000000e+00
  -6.8694106e-01  -1.1321111e+00   1.6756177e-01   1.0000000e+00   6.6659500e+02   2.9183800e+02   1.0000000e+00
  -6.9644428e-01  -1.1530800e+00   2.2787769e-01   1.0000000e+00   6.4450000e+02   2.9016700e+02   1.0000000e+00
  -7.0619580e-01  -1.1708946e+00   2.8911789e-01   1.0000000e+00   6.2240500e+02   2.8883800e+02   1.0000000e+00
  -7.1419155e-01  -1.1798995e+00   3.4984513e-01   1.0000000e+00   6.0084200e+02   2.8878900e+02   1.0000000e+00
  -7.2395477e-01  -1.1759593e+00   4.0984758e-01   1.0000000e+00   5.7971800e+02   2.8894900e+02   1.0000000e+00
  -7.3951478e-01  -1.1510926e+00   4.6692101e-01   1.0000000e+00   5.5921100e+02   2.8815800e+02   1.0000000e+00
  -7.5170606e-01  -1.1093740e+00   5.2182542e-01   1.0000000e+00   5.3950000e+02   2.9000000e+02   1.0000000e+00
  -7.5697736e-01  -1.0551055e+00   5.7616945e-01   1.0000000e+00   5.1990200e+02   2.9500000e+02   1.0000000e+00
  -7.6046333e-01  -9.8557428e-01   6.2725457e-01   1.0000000e+00   5.0081000e+02   3.0192900e+02   1.0000000e+00
  -7.6003563e-01  -9.0846781e-01   6.7595572e-01   1.0000000e+00   4.8188600e+02   3.1079500e+02   1.0000000e+00
  -7.5191026e-01  -8.3572085e-01   7.2418212e-01   1.0000000e+00   4.6210900e+02   3.2263000e+02   1.0000000e+00
  -7.4454020e-01  -7.7403423e-01   7.7773201e-01   1.0000000e+00   4.4135400e+02   3.3435400e+02   1.0000000e+00
  -7.5327512e-01  -7.2384705e-01   8.2150276e-01   1.0000000e+00   4.2191800e+02   3.3824500e+02   1.0000000e+00
  -7.7405301e-01  -6.8026182e-01   8.5684818e-01   1.0000000e+00   4.0456900e+02   3.3647100e+02   1.0000000e+00
  -7.9751725e-01  -6.4200356e-01   8.9315127e-01   1.0000000e+00   3.8642300e+02   3.3336500e+02   1.0000000e+00
  -8.2068992e-01  -6.1267125e-01   9.3319280e-01   1.0000000e+00   3.6656900e+02   3.2947100e+02   1.0000000e+00
  -8.3992826e-01  -5.9048880e-01   9.7957528e-01   1.0000000e+00   3.4461100e+02   3.2661100e+02   1.0000000e+00
  -8.5204589e-01  -5.7190889e-01   1.0335114e+00   1.0000000e+00   3.2028300e+02   3.2720800e+02   1.0000000e+00
  -8.5616720e-01  -5.5222918e-01   1.0936118e+00   1.0000000e+00   2.9350000e+02   3.3150000e+02   1.0000000e+00
  -8.5654440e-01  -5.3215169e-01   1.1527905e+00   1.0000000e+00   2.6675900e+02   3.3694400e+02   1.0000000e+00
  -8.5910459e-01  -5.0947965e-01   1.2126619e+00   1.0000000e+00   2.3938900e+02   3.4238900e+02   1.0000000e+00
  -8.6611520e-01  -4.8471071e-01   1.2626039e+00   1.0000000e+00   2.1500000e+02   3.4550000e+02   1.0000000e+00
  -8.6922594e-01  -4.5029458e-01   1.3041692e+00   1.0000000e+00   1.9328600e+02   3.5050000e+02   1.0000000e+00
  -8.6213465e-01  -4.0775477e-01   1.3436123e+00   1.0000000e+00   1.7223700e+02   3.6101700e+02   1.0000000e+00
  -8.4854869e-01  -3.5879569e-01   1.3790798e+00   1.0000000e+00   1.5230000e+02   3.7498300e+02   1.0000000e+00
  -8.3391642e-01  -2.9981370e-01   1.4036295e+00   1.0000000e+00   1.3534500e+02   3.9029300e+02   1.0000000e+00
  -7.5609362e-01  -6.1533751e-03   1.4356442e+00   1.0000000e+00   8.4533300e+01   4.7189300e+02   1.0000000e+00
  -7.4596008e-01   6.7664560e-02   1.4231881e+00   1.0000000e+00   7.8973000e+01   4.8879700e+02   1.0000000e+00
  -7.4584525e-01   1.3268559e-01   1.4039328e+00   1.0000000e+00   7.6682900e+01   4.9948800e+02   1.0000000e+00
  -7.4928282e-01   1.9149806e-01   1.3824413e+00   1.0000000e+00   7.6174400e+01   5.0757000e+02   1.0000000e+00
  -7.5788648e-01   2.4539780e-01   1.3567763e+00   1.0000000e+00   7.7877800e+01   5.1194400e+02   1.0000000e+00
  -7.6973523e-01   2.9395614e-01   1.3290626e+00   1.0000000e+00   8.1344400e+01   5.1356700e+02   1.0000000e+00
  -7.8006117e-01   3.3935045e-01   1.3038321e+00   1.0000000e+00   8.4526900e+01   5.1566700e+02   1.0000000e+00
  -7.8428067e-01   3.8565751e-01   1.2822046e+00   1.0000000e+00   8.6810000e+01   5.2171000e+02   1.0000000e+00
  -7.8266827e-01   4.3960822e-01   1.2646069e+00   1.0000000e+00   8.6177600e+01   5.3345800e+02   1.0000000e+00
  -7.8139622e-01   4.9949867e-01   1.2511729e+00   1.0000000e+00   8.1663700e+01   5.4754000e+02   1.0000000e+00
  -7.7793276e-01   5.6300931e-01   1.2369733e+00   1.0000000e+00   7.7114800e+01   5.6456600e+02   1.0000000e+00
  -6.3189247e-01   2.3278908e-02  -8.9916888e-01   1.0000000e+00   1.2534100e+03   3.5571800e+02   1.0000000e+00
  -6.2184744e-01  -5.0116624e-02  -8.7480341e-01   1.0000000e+00   1.2220800e+03   3.5311100e+02   1.0000000e+00
  -6.0874919e-01  -1.2660823e-01  -8.4119851e-01   1.0000000e+00   1.1875000e+03   3.5229400e+02   1.0000000e+00
  -5.9292856e-01  -2.0636644e-01  -8.0668675e-01   1.0000000e+00   1.1536900e+03   3.5268800e+02   1.0000000e+00
  -5.7692397e-01  -2.9065906e-01  -7.7414792e-01   1.0000000e+00   1.1218800e+03   3.5228100e+02   1.0000000e+00
  -5.6251312e-01  -3.6960750e-01  -7.3511518e-01   1.0000000e+00   1.0903900e+03   3.5238700e+02   1.0000000e+00
  -5.6345354e-01  -4.4344252e-01  -6.9094243e-01   1.0000000e+00   1.0590700e+03   3.4706700e+02   1.0000000e+00
  -5.7990753e-01  -5.0296970e-01  -6.5203418e-01   1.0000000e+00   1.0335000e+03   3.3700000e+02   1.0000000e+00
  -5.9445709e-01  -5.5899862e-01  -6.2000445e-01   1.0000000e+00   1.0117900e+03   3.2782100e+02   1.0000000e+00
  -6.0803682e-01  -6.1268291e-01  -5.8953886e-01   1.0000000e+00   9.9200000e+02   3.1924100e+02   1.0000000e+00
  -6.2185258e-01  -6.6341670e-01  -5.5680115e-01   1.0000000e+00   9.7200000e+02   3.1124100e+02   1.0000000e+00
  -6.2661802e-01  -7.1563845e-01  -5.2514751e-01   1.0000000e+00   9.5317200e+02   3.0710300e+02   1.0000000e+00
  -6.2029152e-01  -7.7288445e-01  -4.9569656e-01   1.0000000e+00   9.3506700e+02   3.0616700e+02   1.0000000e+00
  -6.1327265e-01  -8.3123433e-01  -4.6653959e-01   1.0000000e+00   9.1769000e+02   3.0589700e+02   1.0000000e+00
  -6.1208439e-01  -8.8631987e-01  -4.3384023e-01   1.0000000e+00   8.9977800e+02   3.0374100e+02   1.0000000e+00
  -6.2638683e-01  -9.3035024e-01  -3.9324478e-01   1.0000000e+00   8.8022200e+02   2.9737000e+02   1.0000000e+00
  -6.4567602e-01  -9.6280292e-01  -3.4580136e-01   1.0000000e+00   8.5979300e+02   2.9072400e+02   1.0000000e+00
  -6.5798862e-01  -9.9070504e-01  -2.9028665e-01   1.0000000e+00   8.3697000e+02   2.8742400e+02   1.0000000e+00
  -6.6573263e-01  -1.0157082e+00  -2.2648396e-01   1.0000000e+00   8.1206900e+02   2.8613800e+02   1.0000000e+00
  -6.7415852e-01  -1.0362898e+00  -1.5494389e-01   1.0000000e+00   7.8490600e+02   2.8550000e+02   1.0000000e+00
  -6.8813227e-01  -1.0534161e+00  -7.6357793e-02   1.0000000e+00   7.5575800e+02   2.8369700e+02   1.0000000e+00
  -7.0096155e-01  -1.0729458e+00   6.6391733e-03   1.0000000e+00   7.2486100e+02   2.8238900e+02   1.0000000e+00
  -7.0139689e-01  -1.0993339e+00   8.8481335e-02   1.0000000e+00   6.9476900e+02   2.8484600e+02   1.0000000e+00
  -6.9014169e-01  -1.1311133e+00   1.7310334e-01   1.0000000e+00   6.6452800e+02   2.9094400e+02   1.0000000e+00
  -6.9517537e-01  -1.1584717e+00   2.4488209e-01   1.0000000e+00   6.3855600e+02   2.9108300e+02   1.0000000e+00
  -7.1019168e-01  -1.1823229e+00   3.0883861e-01   1.0000000e+00   6.1497200e+02   2.8791700e+02   1.0000000e+00
  -7.2642583e-01  -1.2061650e+00   3.6715397e-01   1.0000000e+00   5.9375700e+02   2.8375700e+02   1.0000000e+00
  -7.4402649e-01  -1.2278952e+00   4.1867606e-01   1.0000000e+00   5.7494700e+02   2.7907900e+02   1.0000000e+00
  -7.5486681e-01  -1.2482830e+00   4.6955390e-01   1.0000000e+00   5.5697200e+02   2.7691700e+02   1.0000000e+00
  -7.5352790e-01  -1.2694379e+00   5.2440330e-01   1.0000000e+00   5.3833300e+02   2.7877800e+02   1.0000000e+00
  -7.5082764e-01  -1.2884421e+00   5.8256263e-01   1.0000000e+00   5.1922900e+02   2.8157100e+02   1.0000000e+00
  -7.4801254e-01  -1.3011313e+00   6.3678215e-01   1.0000000e+00   5.0150000e+02   2.8450000e+02   1.0000000e+00
  -7.4698457e-01  -1.3079680e+00   6.9388878e-01   1.0000000e+00   4.8222900e+02   2.8742900e+02   1.0000000e+00
  -7.5484134e-01  -1.2994689e+00   7.4160868e-01   1.0000000e+00   4.6557100e+02   2.8777100e+02   1.0000000e+00
  -7.5967704e-01  -1.2712837e+00   7.8346451e-01   1.0000000e+00   4.5069400e+02   2.9030600e+02   1.0000000e+00
  -7.6031360e-01  -1.2238668e+00   8.1969326e-01   1.0000000e+00   4.3724300e+02   2.9524300e+02   1.0000000e+00
  -7.5611338e-01  -1.1591143e+00   8.4850980e-01   1.0000000e+00   4.2587200e+02   3.0287200e+02   1.0000000e+00
  -7.4615349e-01  -1.0857274e+00   8.6927999e-01   1.0000000e+00   4.1694700e+02   3.1292100e+02   1.0000000e+00
  -7.3087093e-01  -1.0101568e+00   8.8371850e-01   1.0000000e+00   4.1033300e+02   3.2500000e+02   1.0000000e+00
  -7.1377971e-01  -9.3242968e-01   8.8760218e-01   1.0000000e+00   4.0781000e+02   3.3807100e+02   1.0000000e+00
  -6.9750962e-01  -8.5232798e-01   8.8093071e-01   1.0000000e+00   4.0819000e+02   3.5092900e+02   1.0000000e+00
  -6.9459524e-01  -7.8053723e-01   8.6130776e-01   1.0000000e+00   4.1319600e+02   3.5765200e+02   1.0000000e+00
  -6.9542415e-01  -7.1665869e-01   8.3329019e-01   1.0000000e+00   4.2161700e+02   3.6191500e+02   1.0000000e+00
  -6.9556337e-01  -6.5742661e-01   8.0118620e-01   1.0000000e+00   4.3242900e+02   3.6567300e+02   1.0000000e+00
  -7.0017462e-01  -6.0589384e-01   7.6384754e-01   1.0000000e+00   4.4536500e+02   3.6715400e+02   1.0000000e+00
  -7.0836685e-01  -5.6130371e-01   7.2535532e-01   1.0000000e+00   4.5937700e+02   3.6607500e+02   1.0000000e+00
  -7.1636167e-01  -5.1946596e-01   6.8784682e-01   1.0000000e+00   4.7343600e+02   3.6496400e+02   1.0000000e+00
  -7.2391915e-01  -4.7631778e-01   6.5396682e-01   1.0000000e+00   4.8650000e+02   3.6428600e+02   1.0000000e+00
  -7.3177697e-01  -4.3261770e-01   6.2512861e-01   1.0000000e+00   4.9761400e+02   3.6396500e+02   1.0000000e+00
  -7.3865545e-01  -3.9049871e-01   5.9821781e-01   1.0000000e+00   5.0852500e+02   3.6393200e+02   1.0000000e+00
  -7.4459215e-01  -3.4359829e-01   5.6793334e-01   1.0000000e+00   5.2119700e+02   3.6470500e+02   1.0000000e+00
  -7.5205236e-01  -2.9946296e-01   5.2466865e-01   1.0000000e+00   5.4013800e+02   3.6347700e+02   1.0000000e+00
  -7.5086393e-01  -2.5465013e-01   4.7006743e-01   1.0000000e+00   5.6578300e+02   3.6543500e+02   1.0000000e+00
  -7.4174173e-01  -2.1204857e-01   4.0695485e-01   1.0000000e+00   5.9661400e+02   3.7017100e+02   1.0000000e+00
  -7.2498842e-01  -1.6983690e-01   3.3759658e-01   1.0000000e+00   6.3174600e+02   3.7802800e+02   1.0000000e+00
  -6.9668747e-01  -1.2215953e-01   2.6553719e-01   1.0000000e+00   6.7000000e+02   3.9200000e+02   1.0000000e+00
  -6.6240606e-01  -6.7546945e-02   1.9263500e-01   1.0000000e+00   7.1046700e+02   4.1014700e+02   1.0000000e+00
  -6.3281204e-01  -1.6799453e-02   1.2484533e-01   1.0000000e+00   7.4904000e+02   4.2640000e+02   1.0000000e+00
  -6.1888247e-01   3.6042960e-02   6.3326451e-02   1.0000000e+00   7.8503900e+02   4.3655300e+02   1.0000000e+00
  -6.2372342e-01   9.0054542e-02   1.4443737e-02   1.0000000e+00   8.1532900e+02   4.3924400e+02   1.0000000e+00
  -6.3650234e-01   1.4707832e-01  -2.4173234e-02   1.0000000e+00   8.4140500e+02   4.3932100e+02   1.0000000e+00
  -6.5001346e-01   2.0445568e-01  -5.5037923e-02   1.0000000e+00   8.6485400e+02   4.3956200e+02   1.0000000e+00
  -6.5859553e-01   2.6500997e-01  -8.5429744e-02   1.0000000e+00   8.8995700e+02   4.4314900e+02   1.0000000e+00
  -6.6465698e-01   3.3052538e-01  -1.1687212e-01   1.0000000e+00   9.1787800e+02   4.4922400e+02   1.0000000e+00
  -6.6906576e-01   3.9682843e-01  -1.4500539e-01   1.0000000e+00   9.4593200e+02   4.5701000e+02   1.0000000e+00
  -6.7376454e-01   4.6753922e-01  -1.7165532e-01   1.0000000e+00   9.7550000e+02   4.6600000e+02   1.0000000e+00
  -6.8814362e-01   5.2845462e-01  -2.0248240e-01   1.0000000e+00   1.0074800e+03   4.6754800e+02   1.0000000e+00
  -6.9756880e-01   5.8585717e-01  -2.3925244e-01   1.0000000e+00   1.0443800e+03   4.7075000e+02   1.0000000e+00
  -6.9488892e-01   6.4665728e-01  -2.7537349e-01   1.0000000e+00   1.0841200e+03   4.8263200e+02   1.0000000e+00
  -6.8428215e-01   7.1086819e-01  -3.0977227e-01   1.0000000e+00   1.1259600e+03   5.0130800e+02   1.0000000e+00
  -6.6690296e-01   7.7916590e-01  -3.4333114e-01   1.0000000e+00   1.1711600e+03   5.2697100e+02   1.0000000e+00
  -6.4426875e-01   8.5031399e-01  -3.7533004e-01   1.0000000e+00   1.2189900e+03   5.5836300e+02   1.0000000e+00
  -7.1578422e-01   1.0321256e+00   2.2426505e-01   1.0000000e+00   8.0654600e+02   6.4622200e+02   1.0000000e+00
  -7.1114373e-01   9.6357646e-01   2.4640252e-01   1.0000000e+00   7.7723900e+02   6.2591500e+02   1.0000000e+00
  -7.0477273e-01   8.8318515e-01   2.6334085e-01   1.0000000e+00   7.5291400e+02   6.0371500e+02   1.0000000e+00
  -6.9670533e-01   7.9596289e-01   2.7817763e-01   1.0000000e+00   7.3185200e+02   5.8222500e+02   1.0000000e+00
  -6.8861078e-01   7.0822172e-01   2.9112603e-01   1.0000000e+00   7.1392300e+02   5.6251300e+02   1.0000000e+00
  -6.8141433e-01   6.1962886e-01   3.0638443e-01   1.0000000e+00   6.9616500e+02   5.4415100e+02   1.0000000e+00
  -6.8165732e-01   5.3578362e-01   3.2057130e-01   1.0000000e+00   6.8034100e+02   5.2402400e+02   1.0000000e+00
  -6.8938714e-01   4.6216958e-01   3.3070775e-01   1.0000000e+00   6.6838800e+02   5.0327600e+02   1.0000000e+00
  -6.9320448e-01   3.9796295e-01   3.4363557e-01   1.0000000e+00   6.5638700e+02   4.8814400e+02   1.0000000e+00
  -6.9238507e-01   3.3922087e-01   3.6503509e-01   1.0000000e+00   6.4073700e+02   4.7818200e+02   1.0000000e+00
  -6.9328754e-01   2.8770068e-01   3.9475262e-01   1.0000000e+00   6.2129300e+02   4.7013100e+02   1.0000000e+00
  -6.9318860e-01   2.3804390e-01   4.3255719e-01   1.0000000e+00   5.9844100e+02   4.6395700e+02   1.0000000e+00
  -6.9311671e-01   1.8522400e-01   4.7330605e-01   1.0000000e+00   5.7478600e+02   4.5758300e+02   1.0000000e+00
  -6.9461281e-01   1.2849174e-01   5.1423785e-01   1.0000000e+00   5.5181700e+02   4.5024400e+02   1.0000000e+00
  -6.8901312e-01   7.0765304e-02   5.5512931e-01   1.0000000e+00   5.3062800e+02   4.4647400e+02   1.0000000e+00
  -6.8614327e-01   1.0076854e-02   5.9161755e-01   1.0000000e+00   5.1244100e+02   4.4077900e+02   1.0000000e+00
  -6.9153091e-01  -5.3171766e-02   6.1863302e-01   1.0000000e+00   4.9906400e+02   4.3031700e+02   1.0000000e+00
  -7.0021056e-01  -1.2004132e-01   6.3899295e-01   1.0000000e+00   4.8929300e+02   4.1775900e+02   1.0000000e+00
  -7.1222772e-01  -1.8804256e-01   6.5652015e-01   1.0000000e+00   4.8103800e+02   4.0396200e+02   1.0000000e+00
  -7.2349523e-01  -2.5767508e-01   6.7837967e-01   1.0000000e+00   4.7132000e+02   3.9124000e+02   1.0000000e+00
  -7.3050859e-01  -3.3127730e-01   7.0457967e-01   1.0000000e+00   4.6055300e+02   3.8087200e+02   1.0000000e+00
  -7.3884377e-01  -4.1200000e-01   7.3433684e-01   1.0000000e+00   4.4879100e+02   3.6974400e+02   1.0000000e+00
  -7.4835462e-01  -4.8875843e-01   7.6082132e-01   1.0000000e+00   4.3892100e+02   3.5910500e+02   1.0000000e+00
  -7.5834916e-01  -5.6206390e-01   7.9035630e-01   1.0000000e+00   4.2784800e+02   3.4915200e+02   1.0000000e+00
  -7.6990117e-01  -6.2414019e-01   8.2694616e-01   1.0000000e+00   4.1438200e+02   3.4070600e+02   1.0000000e+00
  -7.7935308e-01  -6.7698087e-01   8.7087514e-01   1.0000000e+00   3.9793500e+02   3.3458100e+02   1.0000000e+00
  -7.8908794e-01  -7.2479251e-01   9.2008821e-01   1.0000000e+00   3.7993500e+02   3.2958100e+02   1.0000000e+00
  -7.9774027e-01  -7.7021703e-01   9.7587390e-01   1.0000000e+00   3.5988900e+02   3.2585200e+02   1.0000000e+00
  -7.9675232e-01  -8.1497805e-01   1.0388627e+00   1.0000000e+00   3.3817900e+02   3.2614300e+02   1.0000000e+00
  -7.8513755e-01  -8.6001332e-01   1.1087575e+00   1.0000000e+00   3.1569000e+02   3.3089700e+02   1.0000000e+00
  -7.6914410e-01  -8.9630985e-01   1.1738480e+00   1.0000000e+00   2.9506500e+02   3.3767700e+02   1.0000000e+00
  -7.6842226e-01  -9.2981695e-01   1.2325943e+00   1.0000000e+00   2.7603600e+02   3.3839300e+02   1.0000000e+00
  -7.8507128e-01  -9.6380462e-01   1.2780719e+00   1.0000000e+00   2.6057100e+02   3.3232100e+02   1.0000000e+00
  -8.0422690e-01  -9.9601558e-01   1.3184342e+00   1.0000000e+00   2.4696400e+02   3.2510700e+02   1.0000000e+00
  -8.2115596e-01  -1.0218573e+00   1.3572542e+00   1.0000000e+00   2.3380600e+02   3.1935500e+02   1.0000000e+00
  -8.2826981e-01  -1.0393046e+00   1.3917686e+00   1.0000000e+00   2.2236700e+02   3.1736700e+02   1.0000000e+00
  -8.3790760e-01  -9.7422184e-01   1.5068848e+00   1.0000000e+00   1.7337500e+02   3.2610000e+02   1.0000000e+00
  -8.4813631e-01  -9.1178452e-01   1.5205251e+00   1.0000000e+00   1.6107500e+02   3.2880000e+02   1.0000000e+00
  -8.5242001e-01  -8.3302449e-01   1.5210206e+00   1.0000000e+00   1.5166700e+02   3.3400000e+02   1.0000000e+00
  -8.4547201e-01  -7.4545076e-01   1.5133034e+00   1.0000000e+00   1.4517800e+02   3.4435600e+02   1.0000000e+00
  -8.2388647e-01  -6.5208701e-01   1.5043193e+00   1.0000000e+00   1.3972900e+02   3.6137500e+02   1.0000000e+00
  -7.9097627e-01  -5.5423150e-01   1.4933572e+00   1.0000000e+00   1.3561500e+02   3.8425000e+02   1.0000000e+00
  -7.5237847e-01  -2.2427560e-01   1.3961415e+00   1.0000000e+00   1.3774200e+02   4.3574200e+02   1.0000000e+00
  -7.6127154e-01  -1.6632957e-01   1.3590044e+00   1.0000000e+00   1.4602900e+02   4.3805900e+02   1.0000000e+00
  -7.6999590e-01  -1.1507942e-01   1.3274477e+00   1.0000000e+00   1.5223500e+02   4.3950000e+02   1.0000000e+00
  -7.7674427e-01  -6.6867793e-02   1.3021414e+00   1.0000000e+00   1.5632400e+02   4.4180300e+02   1.0000000e+00
  -7.8528959e-01  -1.9051947e-02   1.2777896e+00   1.0000000e+00   1.6002700e+02   4.4344000e+02   1.0000000e+00
  -7.9556217e-01   3.0335860e-02   1.2529742e+00   1.0000000e+00   1.6356600e+02   4.4451300e+02   1.0000000e+00
  -8.0127538e-01   8.2174898e-02   1.2294019e+00   1.0000000e+00   1.6698800e+02   4.4848100e+02   1.0000000e+00
  -8.0205549e-01   1.3357795e-01   1.2062105e+00   1.0000000e+00   1.7121200e+02   4.5496500e+02   1.0000000e+00
  -7.9547622e-01   1.9000019e-01   1.1838571e+00   1.0000000e+00   1.7557100e+02   4.6669000e+02   1.0000000e+00
  -7.9549636e-01   2.4181076e-01   1.1510596e+00   1.0000000e+00   1.8541100e+02   4.7361100e+02   1.0000000e+00
  -7.9036463e-01   2.9519561e-01   1.1055529e+00   1.0000000e+00   2.0402100e+02   4.8305200e+02   1.0000000e+00
  -7.7825708e-01   3.4958798e-01   1.0522360e+00   1.0000000e+00   2.2860200e+02   4.9598100e+02   1.0000000e+00
  -7.6199662e-01   4.0608965e-01   9.9266850e-01   1.0000000e+00   2.5837100e+02   5.1195200e+02   1.0000000e+00
  -7.4316993e-01   4.6466470e-01   9.3114610e-01   1.0000000e+00   2.9131500e+02   5.3037800e+02   1.0000000e+00
  -7.2275783e-01   5.2116747e-01   8.7187505e-01   1.0000000e+00   3.2500000e+02   5.5052500e+02   1.0000000e+00
  -7.0137012e-01   5.7903428e-01   8.1445675e-01   1.0000000e+00   3.5928800e+02   5.7281600e+02   1.0000000e+00
  -7.0337995e-01   6.3386063e-01   7.7329289e-01   1.0000000e+00   3.8164700e+02   5.8291000e+02   1.0000000e+00
  -7.1587158e-01   6.9110087e-01   7.4571711e-01   1.0000000e+00   3.9410700e+02   5.8917100e+02   1.0000000e+00
  -7.3381976e-01   7.4892959e-01   7.2342688e-01   1.0000000e+00   4.0278800e+02   5.9312600e+02   1.0000000e+00
  -7.5727840e-01   8.0587992e-01   7.0072362e-01   1.0000000e+00   4.1195700e+02   5.9314600e+02   1.0000000e+00
  -1.3044667e+00  -2.2206682e-01  -8.3599845e-01   1.0000000e+00   1.1714000e+03   5.0000000e+00   1.0000000e+00
  -1.2970812e+00  -2.8335757e-01  -7.9516974e-01   1.0000000e+00   1.1367900e+03   1.2576900e+01   1.0000000e+00
  -1.2950442e+00  -3.4483166e-01  -7.4522586e-01   1.0000000e+00   1.0994200e+03   1.7720000e+01   1.0000000e+00
  -1.3023054e+00  -4.0440183e-01  -6.9002335e-01   1.0000000e+00   1.0618000e+03   1.8156900e+01   1.0000000e+00
  -1.3096484e+00  -4.6090653e-01  -6.3867061e-01   1.0000000e+00   1.0279400e+03   1.8500000e+01   1.0000000e+00
  -1.3207017e+00  -5.1703668e-01  -5.9580355e-01   1.0000000e+00   9.9918800e+02   1.6354200e+01   1.0000000e+00
  -1.3330281e+00  -5.6950316e-01  -5.6363159e-01   1.0000000e+00   9.7639100e+02   1.2978300e+01   1.0000000e+00
  -1.3404598e+00  -6.2245306e-01  -5.3263097e-01   1.0000000e+00   9.5521300e+02   1.1936200e+01   1.0000000e+00
  -1.3412378e+00  -6.7907561e-01  -5.0004440e-01   1.0000000e+00   9.3333300e+02   1.4044400e+01   1.0000000e+00
  -1.3384245e+00  -7.3756980e-01  -4.6484113e-01   1.0000000e+00   9.1142900e+02   1.7714300e+01   1.0000000e+00
  -1.3407427e+00  -7.9285603e-01  -4.2716638e-01   1.0000000e+00   8.8927900e+02   1.9279100e+01   1.0000000e+00
  -1.3522927e+00  -8.4014409e-01  -3.9344121e-01   1.0000000e+00   8.7015800e+02   1.6605300e+01   1.0000000e+00
  -1.3614469e+00  -8.7986937e-01  -3.6050086e-01   1.0000000e+00   8.5284200e+02   1.4605300e+01   1.0000000e+00
  -1.3678564e+00  -9.1306708e-01  -3.1670490e-01   1.0000000e+00   8.3197300e+02   1.3945900e+01   1.0000000e+00
  -1.3725353e+00  -9.3513347e-01  -2.6887321e-01   1.0000000e+00   8.1118000e+02   1.4846200e+01   1.0000000e+00
  -1.3748124e+00  -9.5108306e-01  -2.1901716e-01   1.0000000e+00   7.9066700e+02   1.6769200e+01   1.0000000e+00
  -1.3753437e+00  -9.6509911e-01  -1.6496876e-01   1.0000000e+00   7.6884200e+02   1.9605300e+01   1.0000000e+00
  -1.3751104e+00  -9.7449240e-01  -1.0581773e-01   1.0000000e+00   7.4516700e+02   2.3047600e+01   1.0000000e+00
  -1.3786571e+00  -9.7878698e-01  -3.6985216e-02   1.0000000e+00   7.1818200e+02   2.5181800e+01   1.0000000e+00
  -1.3797188e+00  -9.7701631e-01   2.9281306e-02   1.0000000e+00   6.9280000e+02   2.8888900e+01   1.0000000e+00
  -1.3828234e+00  -9.7064783e-01   1.5692797e-01   1.0000000e+00   6.4286000e+02   3.4255800e+01   1.0000000e+00
  -1.3901292e+00  -9.7003756e-01   2.1723202e-01   1.0000000e+00   6.1872100e+02   3.4930200e+01   1.0000000e+00
  -1.3957468e+00  -9.7199758e-01   2.7899905e-01   1.0000000e+00   5.9391100e+02   3.6711100e+01   1.0000000e+00
  -1.3978534e+00  -9.7627022e-01   3.4716835e-01   1.0000000e+00   5.6700000e+02   4.0000000e+01   1.0000000e+00
  -1.3995145e+00  -9.7886166e-01   4.2122815e-01   1.0000000e+00   5.3788400e+02   4.3883700e+01   1.0000000e+00
  -1.4080651e+00  -9.7652318e-01   4.9651360e-01   1.0000000e+00   5.0800000e+02   4.5500000e+01   1.0000000e+00
  -1.4188916e+00  -9.6610662e-01   6.2290921e-01   1.0000000e+00   4.5675600e+02   4.8000000e+01   1.0000000e+00
  -1.4210696e+00  -9.4556002e-01   6.8356922e-01   1.0000000e+00   4.3207000e+02   5.0720900e+01   1.0000000e+00
  -1.4199516e+00  -9.1720774e-01   7.3434491e-01   1.0000000e+00   4.1100000e+02   5.4500000e+01   1.0000000e+00
  -1.4176075e+00  -8.7945005e-01   7.7846720e-01   1.0000000e+00   3.9200000e+02   5.8500000e+01   1.0000000e+00
  -1.4177700e+00  -8.3486832e-01   8.1530768e-01   1.0000000e+00   3.7500000e+02   6.1087000e+01   1.0000000e+00
  -1.4189846e+00  -7.8596060e-01   8.4997691e-01   1.0000000e+00   3.5797900e+02   6.3170200e+01   1.0000000e+00
  -1.4229524e+00  -7.2695230e-01   8.8721548e-01   1.0000000e+00   3.3836000e+02   6.4500000e+01   1.0000000e+00
  -1.4249139e+00  -6.6927292e-01   9.1733649e-01   1.0000000e+00   3.2128800e+02   6.6288500e+01   1.0000000e+00
  -1.4274008e+00  -6.1396538e-01   9.4592731e-01   1.0000000e+00   3.0445300e+02   6.7566000e+01   1.0000000e+00
  -1.4325281e+00  -5.6176816e-01   9.7389815e-01   1.0000000e+00   2.8706900e+02   6.7879300e+01   1.0000000e+00
  -1.4394712e+00  -5.1319809e-01   1.0003674e+00   1.0000000e+00   2.6991800e+02   6.7114800e+01   1.0000000e+00
  -1.4432699e+00  -4.6143316e-01   1.0279976e+00   1.0000000e+00   2.5150000e+02   6.8000000e+01   1.0000000e+00
  -1.4436318e+00  -4.0635495e-01   1.0567609e+00   1.0000000e+00   2.3211100e+02   7.0746000e+01   1.0000000e+00
  -1.4421203e+00  -3.5102386e-01   1.0865448e+00   1.0000000e+00   2.1142200e+02   7.4562500e+01   1.0000000e+00
  -1.4400074e+00  -2.9161368e-01   1.1156398e+00   1.0000000e+00   1.8994100e+02   7.8970600e+01   1.0000000e+00
  -1.4473076e+00  -2.2750161e-01   1.1380979e+00   1.0000000e+00   1.6865300e+02   7.7958300e+01   1.0000000e+00
  -1.4540599e+00  -1.7573648e-01   1.1596500e+00   1.0000000e+00   1.4890500e+02   7.6973000e+01   1.0000000e+00
  -1.4535534e+00  -1.1692399e-01   1.1731343e+00   1.0000000e+00   1.3235400e+02   7.9392400e+01   1.0000000e+00
  -1.4516379e+00  -5.7107498e-02   1.1729923e+00   1.0000000e+00   1.2240200e+02   8.1512200e+01   1.0000000e+00
  -1.4497192e+00  -6.3702630e-03   1.1606501e+00   1.0000000e+00   1.2017200e+02   8.2494300e+01   1.0000000e+00
  -1.4445422e+00   4.1856025e-02   1.1413702e+00   1.0000000e+00   1.2285300e+02   8.4747400e+01   1.0000000e+00
  -1.4383741e+00   8.9120335e-02   1.1161756e+00   1.0000000e+00   1.2934700e+02   8.7031600e+01   1.0000000e+00
  -1.4346723e+00   1.3482268e-01   1.0852778e+00   1.0000000e+00   1.3939400e+02   8.7461500e+01   1.0000000e+00
  -1.4367908e+00   1.8029681e-01   1.0435989e+00   1.0000000e+00   1.5550000e+02   8.3000000e+01   1.0000000e+00
  -1.4350587e+00   2.2167264e-01   1.0001844e+00   1.0000000e+00   1.7485200e+02   8.0582600e+01   1.0000000e+00
  -1.4332330e+00   2.6710853e-01   9.5739502e-01   1.0000000e+00   1.9403300e+02   7.8462800e+01   1.0000000e+00
  -1.4345451e+00   3.1254734e-01   9.2339512e-01   1.0000000e+00   2.0782900e+02   7.4837200e+01   1.0000000e+00
  -1.4335143e+00   3.6122311e-01   8.9491729e-01   1.0000000e+00   2.1862200e+02   7.3363000e+01   1.0000000e+00
  -1.4272579e+00   4.1598260e-01   8.6723123e-01   1.0000000e+00   2.2914000e+02   7.5993000e+01   1.0000000e+00
  -1.4197070e+00   4.7509369e-01   8.4063028e-01   1.0000000e+00   2.3898000e+02   7.9668900e+01   1.0000000e+00
  -1.4137494e+00   5.3581135e-01   8.1679292e-01   1.0000000e+00   2.4713500e+02   8.3081900e+01   1.0000000e+00
  -1.4132110e+00   6.0062464e-01   7.9015553e-01   1.0000000e+00   2.5622000e+02   8.1480200e+01   1.0000000e+00
  -1.4231674e+00   6.6499917e-01   7.6427842e-01   1.0000000e+00   2.6386100e+02   7.2515500e+01   1.0000000e+00
  -1.3541565e+00   7.3476806e-01  -1.8926735e-01   1.0000000e+00   1.0448400e+03   1.6080900e+01   1.0000000e+00
  -1.3640603e+00   6.7498343e-01  -2.0821798e-01   1.0000000e+00   1.0405600e+03   6.3000000e+00   1.0000000e+00
  -1.3692368e+00   6.1216100e-01  -2.1817844e-01   1.0000000e+00   1.0291000e+03   3.3301000e+00   1.0000000e+00
  -1.3724259e+00   5.4773154e-01  -2.1399018e-01   1.0000000e+00   1.0076900e+03   2.7469900e+00   1.0000000e+00
  -1.3725291e+00   4.8970955e-01  -1.9740879e-01   1.0000000e+00   9.8087100e+02   4.2844800e+00   1.0000000e+00
  -1.3692302e+00   4.3402713e-01  -1.7196537e-01   1.0000000e+00   9.5025600e+02   9.7680000e+00   1.0000000e+00
  -1.3663237e+00   3.7873049e-01  -1.3803848e-01   1.0000000e+00   9.1605900e+02   1.5889800e+01   1.0000000e+00
  -1.3662560e+00   3.2534212e-01  -9.7055847e-02   1.0000000e+00   8.7938100e+02   2.0230100e+01   1.0000000e+00
  -1.3738616e+00   2.7335865e-01  -4.9702964e-02   1.0000000e+00   8.4044300e+02   1.9783000e+01   1.0000000e+00
  -1.3831200e+00   2.2191374e-01  -3.1774521e-03   1.0000000e+00   8.0375000e+02   1.7442300e+01   1.0000000e+00
  -1.3930834e+00   1.6709638e-01   4.2383434e-02   1.0000000e+00   7.6885900e+02   1.6606100e+01   1.0000000e+00
  -1.4002739e+00   1.0697915e-01   8.8785418e-02   1.0000000e+00   7.3476800e+02   1.6526300e+01   1.0000000e+00
  -1.4075877e+00   4.6161936e-02   1.2780369e-01   1.0000000e+00   7.0891500e+02   9.5628000e+00   1.0000000e+00
  -1.4009524e+00  -1.4577412e-02   1.7195168e-01   1.0000000e+00   6.7786900e+02   2.4178600e+01   1.0000000e+00
  -1.3937270e+00  -7.7915089e-02   2.1248754e-01   1.0000000e+00   6.5262500e+02   3.2037500e+01   1.0000000e+00
  -1.3849753e+00  -1.4075642e-01   2.5202704e-01   1.0000000e+00   6.2944300e+02   3.9303800e+01   1.0000000e+00
  -1.3864405e+00  -2.0733084e-01   2.9039676e-01   1.0000000e+00   6.0715300e+02   4.1375000e+01   1.0000000e+00
  -1.3958693e+00  -2.6921303e-01   3.2606147e-01   1.0000000e+00   5.8680600e+02   4.0055600e+01   1.0000000e+00
  -1.4052923e+00  -3.3180964e-01   3.6398258e-01   1.0000000e+00   5.6618800e+02   3.7796900e+01   1.0000000e+00
  -1.4175977e+00  -3.9242508e-01   4.0852264e-01   1.0000000e+00   5.4316400e+02   3.4737700e+01   1.0000000e+00
  -1.4261389e+00  -4.4682295e-01   4.5381955e-01   1.0000000e+00   5.2093200e+02   3.3830500e+01   1.0000000e+00
  -1.4272761e+00  -4.9944690e-01   4.9675323e-01   1.0000000e+00   5.0156400e+02   3.5909100e+01   1.0000000e+00
  -1.4239907e+00  -5.5170630e-01   5.3649126e-01   1.0000000e+00   4.8443600e+02   4.0745500e+01   1.0000000e+00
  -1.4167990e+00  -6.0557723e-01   5.7748411e-01   1.0000000e+00   4.6759600e+02   4.6480800e+01   1.0000000e+00
  -1.4222037e+00  -6.6094004e-01   6.1418057e-01   1.0000000e+00   4.5300000e+02   4.6913000e+01   1.0000000e+00
  -1.4350266e+00  -7.1115133e-01   6.4589275e-01   1.0000000e+00   4.4000000e+02   4.3000000e+01   1.0000000e+00
  -1.4472019e+00  -7.5850710e-01   6.6247531e-01   1.0000000e+00   4.3275000e+02   3.8416700e+01   1.0000000e+00
  -1.4523046e+00  -8.0056092e-01   6.6614334e-01   1.0000000e+00   4.3209100e+02   3.6477300e+01   1.0000000e+00
  -1.4258790e+00  -9.6880834e-01   4.3663976e-01   1.0000000e+00   5.2993200e+02   3.4045500e+01   1.0000000e+00
  -1.4227642e+00  -9.8041819e-01   3.9954470e-01   1.0000000e+00   5.4507100e+02   3.2809500e+01   1.0000000e+00
  -1.4178498e+00  -9.9118303e-01   3.5587660e-01   1.0000000e+00   5.6258500e+02   3.2024400e+01   1.0000000e+00
  -1.4122633e+00  -1.0027492e+00   3.0728019e-01   1.0000000e+00   5.8192900e+02   3.1190500e+01   1.0000000e+00
  -1.4130761e+00  -1.0165216e+00   2.5290623e-01   1.0000000e+00   6.0280000e+02   2.8075000e+01   1.0000000e+00
  -1.4124652e+00  -1.0278654e+00   2.0028159e-01   1.0000000e+00   6.2300000e+02   2.5243900e+01   1.0000000e+00
  -1.4118718e+00  -1.0322857e+00   1.4192600e-01   1.0000000e+00   6.4521900e+02   2.2146300e+01   1.0000000e+00
  -1.4114390e+00  -1.0280577e+00   7.8613699e-02   1.0000000e+00   6.6981000e+02   1.8928600e+01   1.0000000e+00
  -1.4042540e+00  -1.0152372e+00   2.1704349e-02   1.0000000e+00   6.9264400e+02   1.8422200e+01   1.0000000e+00
  -1.3773022e+00  -9.6817501e-01  -9.1783307e-02   1.0000000e+00   7.4004500e+02   2.3068200e+01   1.0000000e+00
  -1.3658863e+00  -9.3609487e-01  -1.5367061e-01   1.0000000e+00   7.6683300e+02   2.4666700e+01   1.0000000e+00
  -1.3572795e+00  -8.9928574e-01  -2.1859401e-01   1.0000000e+00   7.9507000e+02   2.4720900e+01   1.0000000e+00
  -1.3514715e+00  -8.6238089e-01  -2.8573237e-01   1.0000000e+00   8.2507100e+02   2.3190500e+01   1.0000000e+00
  -1.3414206e+00  -8.2749011e-01  -3.5285630e-01   1.0000000e+00   8.5548800e+02   2.3418600e+01   1.0000000e+00
  -1.3276715e+00  -7.9872101e-01  -4.2523238e-01   1.0000000e+00   8.8807100e+02   2.5190500e+01   1.0000000e+00
  -1.3099816e+00  -7.8157713e-01  -5.0019981e-01   1.0000000e+00   9.2090500e+02   2.8642900e+01   1.0000000e+00
  -1.2846023e+00  -7.7443039e-01  -5.7507553e-01   1.0000000e+00   9.5278600e+02   3.5214300e+01   1.0000000e+00
  -1.2118193e+00  -7.7807236e-01  -7.3068072e-01   1.0000000e+00   1.0160000e+03   5.7410300e+01   1.0000000e+00
  -1.1766589e+00  -7.8342371e-01  -8.0706572e-01   1.0000000e+00   1.0458700e+03   6.8128200e+01   1.0000000e+00
  -1.1474220e+00  -7.8570926e-01  -8.7275310e-01   1.0000000e+00   1.0718300e+03   7.6500000e+01   1.0000000e+00
  -1.1255026e+00  -7.8006716e-01  -9.2798860e-01   1.0000000e+00   1.0947000e+03   8.2729700e+01   1.0000000e+00
  -1.1145330e+00  -7.6611267e-01  -9.7346093e-01   1.0000000e+00   1.1150000e+03   8.5000000e+01   1.0000000e+00
  -1.1154131e+00  -7.4358365e-01  -1.0032552e+00   1.0000000e+00   1.1311100e+03   8.3114300e+01   1.0000000e+00
  -1.1258983e+00  -7.0897821e-01  -1.0171903e+00   1.0000000e+00   1.1435900e+03   7.8323500e+01   1.0000000e+00
  -1.1417816e+00  -6.6038482e-01  -1.0187311e+00   1.0000000e+00   1.1538300e+03   7.1857100e+01   1.0000000e+00
  -1.1574113e+00  -6.0033308e-01  -1.0135183e+00   1.0000000e+00   1.1641400e+03   6.5611100e+01   1.0000000e+00
  -1.1672896e+00  -5.3391953e-01  -1.0076264e+00   1.0000000e+00   1.1760300e+03   6.2256400e+01   1.0000000e+00
  -1.1735841e+00  -4.6073651e-01  -1.0017368e+00   1.0000000e+00   1.1899700e+03   5.9818200e+01   1.0000000e+00
  -1.2182729e+00  -2.3422269e-01  -9.6378337e-01   1.0000000e+00   1.2294700e+03   4.0970600e+01   1.0000000e+00
  -1.2364942e+00  -1.6095598e-01  -9.3843185e-01   1.0000000e+00   1.2374600e+03   3.3189200e+01   1.0000000e+00
  -1.2503505e+00  -8.9016901e-02  -9.0579410e-01   1.0000000e+00   1.2417600e+03   2.7933300e+01   1.0000000e+00
  -1.2603474e+00  -1.8980650e-02  -8.6363155e-01   1.0000000e+00   1.2403800e+03   2.5264200e+01   1.0000000e+00
  -1.2624400e+00   4.6514965e-02  -8.1112618e-01   1.0000000e+00   1.2320500e+03   2.8067800e+01   1.0000000e+00
  -1.2553236e+00   1.0185355e-01  -7.5234863e-01   1.0000000e+00   1.2160900e+03   3.7275400e+01   1.0000000e+00
  -1.2450552e+00   1.3945114e-01  -6.9478858e-01   1.0000000e+00   1.1947100e+03   4.8363600e+01   1.0000000e+00
  -1.2388997e+00   1.5235473e-01  -6.4535484e-01   1.0000000e+00   1.1704900e+03   5.6474400e+01   1.0000000e+00
  -1.2333238e+00   1.5686561e-01  -6.0284978e-01   1.0000000e+00   1.1475400e+03   6.3561000e+01   1.0000000e+00
  -1.2181108e+00   1.6794803e-01  -5.6248669e-01   1.0000000e+00   1.1274800e+03   7.6392900e+01   1.0000000e+00
  -1.1955203e+00   1.8274812e-01  -5.2287958e-01   1.0000000e+00   1.1089100e+03   9.3579500e+01   1.0000000e+00
  -1.1726812e+00   1.9952828e-01  -4.8052480e-01   1.0000000e+00   1.0890100e+03   1.1161500e+02   1.0000000e+00
  -1.1442031e+00   2.1801521e-01  -4.2761985e-01   1.0000000e+00   1.0634400e+03   1.3396900e+02   1.0000000e+00
  -1.1084172e+00   2.4343965e-01  -3.7885842e-01   1.0000000e+00   1.0414900e+03   1.6119400e+02   1.0000000e+00
  -1.0656596e+00   2.7505185e-01  -3.3810239e-01   1.0000000e+00   1.0257400e+03   1.9267300e+02   1.0000000e+00
  -1.0237271e+00   3.0524120e-01  -2.9545208e-01   1.0000000e+00   1.0080700e+03   2.2415700e+02   1.0000000e+00
  -9.8995334e-01   3.3996131e-01  -2.4305233e-01   1.0000000e+00   9.8511200e+02   2.5260700e+02   1.0000000e+00
  -9.6630633e-01   3.8412269e-01  -1.7773374e-01   1.0000000e+00   9.5547800e+02   2.7759100e+02   1.0000000e+00
  -9.5612025e-01   4.3572335e-01  -1.0796865e-01   1.0000000e+00   9.2300800e+02   2.9667200e+02   1.0000000e+00
  -9.5397538e-01   4.9039393e-01  -3.6757449e-02   1.0000000e+00   8.8805600e+02   3.1210500e+02   1.0000000e+00
  -9.5451465e-01   5.4654500e-01   3.2900372e-02   1.0000000e+00   8.5200800e+02   3.2641500e+02   1.0000000e+00
  -9.5927753e-01   5.9511624e-01   9.4032970e-02   1.0000000e+00   8.1810100e+02   3.3644400e+02   1.0000000e+00
  -9.6914742e-01   6.3455003e-01   1.4601528e-01   1.0000000e+00   7.8696100e+02   3.4094700e+02   1.0000000e+00
  -9.8243989e-01   6.6395172e-01   1.8901228e-01   1.0000000e+00   7.5908600e+02   3.4086200e+02   1.0000000e+00
  -9.9366832e-01   6.8110406e-01   2.2709004e-01   1.0000000e+00   7.3228300e+02   3.3956500e+02   1.0000000e+00
  -1.0028617e+00   6.8982311e-01   2.6179464e-01   1.0000000e+00   7.0671100e+02   3.3810500e+02   1.0000000e+00
  -1.0099449e+00   6.9256828e-01   2.9507106e-01   1.0000000e+00   6.8168600e+02   3.3717100e+02   1.0000000e+00
  -1.0150237e+00   6.8753156e-01   3.3032504e-01   1.0000000e+00   6.5455900e+02   3.3673500e+02   1.0000000e+00
  -1.0200599e+00   6.7161287e-01   3.6912313e-01   1.0000000e+00   6.2426500e+02   3.3452900e+02   1.0000000e+00
  -1.0281925e+00   6.4400874e-01   4.1088356e-01   1.0000000e+00   5.9176700e+02   3.2866700e+02   1.0000000e+00
  -1.0384591e+00   6.0682084e-01   4.5414120e-01   1.0000000e+00   5.5861500e+02   3.2003800e+02   1.0000000e+00
  -1.0465465e+00   5.6428113e-01   4.9481376e-01   1.0000000e+00   5.2900000e+02   3.1235300e+02   1.0000000e+00
  -1.0529148e+00   5.2183151e-01   5.3491524e-01   1.0000000e+00   5.0135300e+02   3.0647100e+02   1.0000000e+00
  -1.0595915e+00   4.8740918e-01   5.7306796e-01   1.0000000e+00   4.7564600e+02   3.0204900e+02   1.0000000e+00
  -1.0660686e+00   4.5373057e-01   6.1273083e-01   1.0000000e+00   4.4977100e+02   2.9802900e+02   1.0000000e+00
  -1.0730154e+00   4.1784944e-01   6.5142238e-01   1.0000000e+00   4.2547400e+02   2.9331000e+02   1.0000000e+00
  -1.0804630e+00   3.8010423e-01   6.8768030e-01   1.0000000e+00   4.0347900e+02   2.8760700e+02   1.0000000e+00
  -1.0860615e+00   3.3978008e-01   7.2476363e-01   1.0000000e+00   3.8217100e+02   2.8292800e+02   1.0000000e+00
  -1.0874445e+00   2.9534741e-01   7.6640075e-01   1.0000000e+00   3.6002800e+02   2.8088000e+02   1.0000000e+00
  -1.0806248e+00   2.4511810e-01   8.1797100e-01   1.0000000e+00   3.3439000e+02   2.8411400e+02   1.0000000e+00
  -1.0619342e+00   1.8732863e-01   8.7812053e-01   1.0000000e+00   3.0753900e+02   2.9397100e+02   1.0000000e+00
  -1.0259584e+00   1.2315347e-01   9.3597494e-01   1.0000000e+00   2.8684400e+02   3.1178100e+02   1.0000000e+00
  -9.8814424e-01   4.6357293e-02   9.8814525e-01   1.0000000e+00   2.7197700e+02   3.2736800e+02   1.0000000e+00
  -9.6123047e-01  -4.2005276e-02   1.0212754e+00   1.0000000e+00   2.6761300e+02   3.3297300e+02   1.0000000e+00
  -9.4873412e-01  -1.3526395e-01   1.0362430e+00   1.0000000e+00   2.7137100e+02   3.2929000e+02   1.0000000e+00
  -9.4576530e-01  -2.2976808e-01   1.0354996e+00   1.0000000e+00   2.8117000e+02   3.2001900e+02   1.0000000e+00
  -9.4587230e-01  -3.2904180e-01   1.0220648e+00   1.0000000e+00   2.9641500e+02   3.0856100e+02   1.0000000e+00
  -9.4612788e-01  -4.3102921e-01   9.9763983e-01   1.0000000e+00   3.1559000e+02   2.9687200e+02   1.0000000e+00
  -9.4476277e-01  -5.3281452e-01   9.6119219e-01   1.0000000e+00   3.3877100e+02   2.8614300e+02   1.0000000e+00
  -9.2910106e-01  -6.3060118e-01   9.1924614e-01   1.0000000e+00   3.6370300e+02   2.8183800e+02   1.0000000e+00
  -9.0492638e-01  -7.1824047e-01   8.7395192e-01   1.0000000e+00   3.8871800e+02   2.8184600e+02   1.0000000e+00
  -8.8133270e-01  -7.8994009e-01   8.3060066e-01   1.0000000e+00   4.1095000e+02   2.8317500e+02   1.0000000e+00
  -8.6226741e-01  -8.5085482e-01   7.9052334e-01   1.0000000e+00   4.3000000e+02   2.8350000e+02   1.0000000e+00
  -8.5329762e-01  -9.0461400e-01   7.5106843e-01   1.0000000e+00   4.4707700e+02   2.8056400e+02   1.0000000e+00
  -8.5338187e-01  -9.5164200e-01   7.1359148e-01   1.0000000e+00   4.6212800e+02   2.7512800e+02   1.0000000e+00
  -8.5352123e-01  -9.9627163e-01   6.8061146e-01   1.0000000e+00   4.7512800e+02   2.7012800e+02   1.0000000e+00
  -8.5023712e-01  -1.0409050e+00   6.4751402e-01   1.0000000e+00   4.8800000e+02   2.6650000e+02   1.0000000e+00
  -8.4424032e-01  -1.0807590e+00   6.1055498e-01   1.0000000e+00   5.0268400e+02   2.6386800e+02   1.0000000e+00
  -8.4252271e-01  -1.1083117e+00   5.6003843e-01   1.0000000e+00   5.2080000e+02   2.5992500e+02   1.0000000e+00
  -8.4200898e-01  -1.1234204e+00   4.9319093e-01   1.0000000e+00   5.4440000e+02   2.5565700e+02   1.0000000e+00
  -8.3280397e-01  -1.1331816e+00   4.1064835e-01   1.0000000e+00   5.7397300e+02   2.5383800e+02   1.0000000e+00
  -8.1150185e-01  -1.1352779e+00   3.1751363e-01   1.0000000e+00   6.0805000e+02   2.5617500e+02   1.0000000e+00
  -7.8539219e-01  -1.1236428e+00   2.2375221e-01   1.0000000e+00   6.4263200e+02   2.6092100e+02   1.0000000e+00
  -7.6707470e-01  -1.1077054e+00   1.3497375e-01   1.0000000e+00   6.7523100e+02   2.6384600e+02   1.0000000e+00
  -7.5730456e-01  -1.0882977e+00   5.3818180e-02   1.0000000e+00   7.0512800e+02   2.6412800e+02   1.0000000e+00
  -7.4147561e-01  -1.0640066e+00  -2.4978317e-02   1.0000000e+00   7.3497400e+02   2.6712800e+02   1.0000000e+00
  -7.2462353e-01  -1.0408315e+00  -9.7203038e-02   1.0000000e+00   7.6262500e+02   2.7090000e+02   1.0000000e+00
  -7.0965332e-01  -1.0221349e+00  -1.6190090e-01   1.0000000e+00   7.8732500e+02   2.7402500e+02   1.0000000e+00
  -6.9598502e-01  -1.0055279e+00  -2.2131667e-01   1.0000000e+00   8.1024400e+02   2.7700000e+02   1.0000000e+00
  -6.8842766e-01  -9.8989971e-01  -2.7376915e-01   1.0000000e+00   8.3062500e+02   2.7790000e+02   1.0000000e+00
  -6.8634541e-01  -9.7674738e-01  -3.2021725e-01   1.0000000e+00   8.4828200e+02   2.7710300e+02   1.0000000e+00
  -6.8018531e-01  -9.6781439e-01  -3.7483949e-01   1.0000000e+00   8.6897400e+02   2.7712800e+02   1.0000000e+00
  -6.6861581e-01  -9.6114741e-01  -4.3356617e-01   1.0000000e+00   8.9087200e+02   2.7887200e+02   1.0000000e+00
  -6.5666242e-01  -9.5147557e-01  -4.8829755e-01   1.0000000e+00   9.1175700e+02   2.8075700e+02   1.0000000e+00
  -6.4194474e-01  -9.3831418e-01  -5.3698380e-01   1.0000000e+00   9.3086500e+02   2.8462200e+02   1.0000000e+00
  -6.2782870e-01  -9.0721065e-01  -5.7829906e-01   1.0000000e+00   9.4924300e+02   2.8962200e+02   1.0000000e+00
  -6.1926814e-01  -8.6106462e-01  -6.1587589e-01   1.0000000e+00   9.6884200e+02   2.9421100e+02   1.0000000e+00
  -6.1441251e-01  -8.0185706e-01  -6.4620480e-01   1.0000000e+00   9.8741500e+02   2.9902400e+02   1.0000000e+00
  -6.0798927e-01  -7.3340290e-01  -6.7074840e-01   1.0000000e+00   1.0059800e+03   3.0558500e+02   1.0000000e+00
  -6.0360588e-01  -6.5668744e-01  -6.9006545e-01   1.0000000e+00   1.0243900e+03   3.1260900e+02   1.0000000e+00
  -6.0127308e-01  -5.7921918e-01  -7.0837530e-01   1.0000000e+00   1.0434300e+03   3.1915200e+02   1.0000000e+00
  -6.0251117e-01  -5.0225868e-01  -7.2628608e-01   1.0000000e+00   1.0631500e+03   3.2464600e+02   1.0000000e+00
  -6.0097519e-01  -4.1452344e-01  -7.4532904e-01   1.0000000e+00   1.0863300e+03   3.3259200e+02   1.0000000e+00
  -6.0945706e-01  -3.2704529e-01  -7.5542863e-01   1.0000000e+00   1.1068400e+03   3.3723500e+02   1.0000000e+00
  -6.2435523e-01  -2.4591552e-01  -7.5929905e-01   1.0000000e+00   1.1247000e+03   3.3909400e+02   1.0000000e+00
  -6.3889238e-01  -1.7149206e-01  -7.6147453e-01   1.0000000e+00   1.1415000e+03   3.4050000e+02   1.0000000e+00
  -6.4927799e-01  -1.0056470e-01  -7.6214439e-01   1.0000000e+00   1.1577800e+03   3.4366100e+02   1.0000000e+00
  -6.5718635e-01  -2.9060718e-02  -7.5928832e-01   1.0000000e+00   1.1732900e+03   3.4845800e+02   1.0000000e+00
  -6.6584799e-01   4.4404669e-02  -7.5097327e-01   1.0000000e+00   1.1878800e+03   3.5385900e+02   1.0000000e+00
  -6.7345094e-01   1.2248600e-01  -7.3771600e-01   1.0000000e+00   1.2019000e+03   3.6121700e+02   1.0000000e+00
  -6.7949006e-01   2.0540665e-01  -7.1957027e-01   1.0000000e+00   1.2155600e+03   3.7096000e+02   1.0000000e+00
  -6.8116321e-01   2.8203727e-01  -6.9653831e-01   1.0000000e+00   1.2258900e+03   3.8295100e+02   1.0000000e+00
  -6.7176050e-01   3.5575769e-01  -6.6735963e-01   1.0000000e+00   1.2320800e+03   4.0225600e+02   1.0000000e+00
  -6.6561054e-01   4.2943922e-01  -6.2455542e-01   1.0000000e+00   1.2309500e+03   4.2183500e+02   1.0000000e+00
  -6.6610812e-01   5.0130105e-01  -5.7282298e-01   1.0000000e+00   1.2240700e+03   4.3987800e+02   1.0000000e+00
  -6.6943889e-01   5.6844063e-01  -5.1182722e-01   1.0000000e+00   1.2093500e+03   4.5715700e+02   1.0000000e+00
  -6.7689455e-01   6.2966099e-01  -4.4196024e-01   1.0000000e+00   1.1860300e+03   4.7293900e+02   1.0000000e+00
  -6.8540973e-01   6.8502548e-01  -3.6804173e-01   1.0000000e+00   1.1564600e+03   4.8808700e+02   1.0000000e+00
  -6.8950018e-01   7.3884654e-01  -2.9159537e-01   1.0000000e+00   1.1226400e+03   5.0685500e+02   1.0000000e+00
  -6.9033760e-01   7.8831164e-01  -2.1139478e-01   1.0000000e+00   1.0825100e+03   5.2855400e+02   1.0000000e+00
  -7.0125625e-01   8.2881552e-01  -1.3543691e-01   1.0000000e+00   1.0403100e+03   5.4140800e+02   1.0000000e+00
  -7.1754787e-01   8.6490232e-01  -6.9460756e-02   1.0000000e+00   1.0017000e+03   5.4886900e+02   1.0000000e+00
  -7.3297155e-01   8.9761629e-01  -6.4790147e-03   1.0000000e+00   9.6222300e+02   5.5588300e+02   1.0000000e+00
  -7.4975993e-01   9.2346137e-01   5.5258230e-02   1.0000000e+00   9.2014000e+02   5.5980100e+02   1.0000000e+00
  -7.5888306e-01   9.4577163e-01   1.1755124e-01   1.0000000e+00   8.7517900e+02   5.6837800e+02   1.0000000e+00
  -7.5426760e-01   9.6837111e-01   1.8315185e-01   1.0000000e+00   8.2671400e+02   5.8806900e+02   1.0000000e+00
  -7.4336269e-01   9.8584567e-01   2.4582874e-01   1.0000000e+00   7.7880100e+02   6.1062600e+02   1.0000000e+00
  -7.2664381e-01   9.9666278e-01   3.1147325e-01   1.0000000e+00   7.2703800e+02   6.3608000e+02   1.0000000e+00
  -7.0911135e-01   9.9336012e-01   3.8383424e-01   1.0000000e+00   6.6850200e+02   6.5641000e+02   1.0000000e+00
  -7.0073228e-01   9.7095688e-01   4.6001001e-01   1.0000000e+00   6.0529500e+02   6.6331500e+02   1.0000000e+00
  -7.0338472e-01   9.3089278e-01   5.3471115e-01   1.0000000e+00   5.4363000e+02   6.5494800e+02   1.0000000e+00
  -7.1020852e-01   8.7792214e-01   6.0674576e-01   1.0000000e+00   4.8683800e+02   6.3904900e+02   1.0000000e+00
  -7.1724918e-01   8.2024228e-01   6.7345234e-01   1.0000000e+00   4.3763000e+02   6.2171100e+02   1.0000000e+00
  -7.2398934e-01   7.6277120e-01   7.3513401e-01   1.0000000e+00   3.9514700e+02   6.0514700e+02   1.0000000e+00
  -7.3590080e-01   7.0453299e-01   7.9131899e-01   1.0000000e+00   3.5829900e+02   5.8542200e+02   1.0000000e+00
  -7.4975909e-01   6.5280569e-01   8.4101317e-01   1.0000000e+00   3.2716000e+02   5.6686100e+02   1.0000000e+00
  -7.5650980e-01   6.0775349e-01   8.9109651e-01   1.0000000e+00   2.9759400e+02   5.5508700e+02   1.0000000e+00
  -7.6387047e-01   5.6479295e-01   9.4123158e-01   1.0000000e+00   2.6899200e+02   5.4420900e+02   1.0000000e+00
  -7.7321728e-01   5.2096500e-01   9.8961002e-01   1.0000000e+00   2.4274800e+02   5.3219500e+02   1.0000000e+00
  -7.7586619e-01   4.7629800e-01   1.0388296e+00   1.0000000e+00   2.1818400e+02   5.2443000e+02   1.0000000e+00
  -7.7201888e-01   4.3240923e-01   1.0872539e+00   1.0000000e+00   1.9640200e+02   5.2095300e+02   1.0000000e+00
  -7.7123093e-01   3.8178923e-01   1.1325325e+00   1.0000000e+00   1.7748500e+02   5.1404000e+02   1.0000000e+00
  -7.7767295e-01   3.1875591e-01   1.1628217e+00   1.0000000e+00   1.7000000e+02   4.9935600e+02   1.0000000e+00
  -7.8784302e-01   2.4559808e-01   1.1820446e+00   1.0000000e+00   1.6920700e+02   4.8051200e+02   1.0000000e+00
  -8.0770309e-01   1.6838395e-01   1.1930401e+00   1.0000000e+00   1.7181100e+02   4.5670300e+02   1.0000000e+00
  -8.2854281e-01   9.0730645e-02   1.2027394e+00   1.0000000e+00   1.7546500e+02   4.3345100e+02   1.0000000e+00
  -8.3939752e-01   7.4668791e-03   1.2134934e+00   1.0000000e+00   1.8044800e+02   4.1561200e+02   1.0000000e+00
  -8.3679242e-01  -8.3025597e-02   1.2246027e+00   1.0000000e+00   1.8782300e+02   4.0445200e+02   1.0000000e+00
  -8.2307979e-01  -1.8130157e-01   1.2327394e+00   1.0000000e+00   1.9888200e+02   3.9766700e+02   1.0000000e+00
  -8.2115254e-01  -2.6761583e-01   1.2314396e+00   1.0000000e+00   2.0977100e+02   3.8683300e+02   1.0000000e+00
  -8.2972305e-01  -3.3845722e-01   1.2307653e+00   1.0000000e+00   2.1721400e+02   3.7435700e+02   1.0000000e+00
  -8.3557151e-01  -4.0355141e-01   1.2290631e+00   1.0000000e+00   2.2424300e+02   3.6381100e+02   1.0000000e+00
  -8.4070898e-01  -4.6513899e-01   1.2218827e+00   1.0000000e+00   2.3306700e+02   3.5416700e+02   1.0000000e+00
  -8.4545781e-01  -5.2477481e-01   1.2109299e+00   1.0000000e+00   2.4306700e+02   3.4516700e+02   1.0000000e+00
  -8.4332740e-01  -5.8750202e-01   1.1981901e+00   1.0000000e+00   2.5437900e+02   3.3903400e+02   1.0000000e+00
  -8.3356932e-01  -6.5317561e-01   1.1805675e+00   1.0000000e+00   2.6820700e+02   3.3524100e+02   1.0000000e+00
  -8.2145375e-01  -7.1266728e-01   1.1575168e+00   1.0000000e+00   2.8338700e+02   3.3319400e+02   1.0000000e+00
  -7.9912092e-01  -7.7274990e-01   1.1366490e+00   1.0000000e+00   2.9810300e+02   3.3486200e+02   1.0000000e+00
  -7.8089275e-01  -8.2897867e-01   1.1011260e+00   1.0000000e+00   3.1723100e+02   3.3430800e+02   1.0000000e+00
  -7.7330072e-01  -8.7948863e-01   1.0448567e+00   1.0000000e+00   3.4218500e+02   3.2922200e+02   1.0000000e+00
  -7.6799823e-01  -9.2352861e-01   9.7611747e-01   1.0000000e+00   3.7048100e+02   3.2355600e+02   1.0000000e+00
  -7.6375784e-01  -9.6174873e-01   8.9570906e-01   1.0000000e+00   4.0203000e+02   3.1742400e+02   1.0000000e+00
  -7.5946851e-01  -9.9277163e-01   8.1100368e-01   1.0000000e+00   4.3424200e+02   3.1169700e+02   1.0000000e+00
  -7.4798025e-01  -1.0231622e+00   7.2728913e-01   1.0000000e+00   4.6602900e+02   3.0882900e+02   1.0000000e+00
  -7.2869556e-01  -1.0559757e+00   6.4087113e-01   1.0000000e+00   4.9902700e+02   3.0824300e+02   1.0000000e+00
  -7.2425783e-01  -1.0804249e+00   5.4878265e-01   1.0000000e+00   5.3188600e+02   3.0311400e+02   1.0000000e+00
  -7.3649824e-01  -1.0987585e+00   4.6907982e-01   1.0000000e+00   5.5915800e+02   2.9305300e+02   1.0000000e+00
  -7.4664011e-01  -1.1189299e+00   3.9920785e-01   1.0000000e+00   5.8288600e+02   2.8442900e+02   1.0000000e+00
  -7.5670276e-01  -1.1408713e+00   3.3453779e-01   1.0000000e+00   6.0481100e+02   2.7581100e+02   1.0000000e+00
  -7.6817785e-01  -1.1550801e+00   2.6986263e-01   1.0000000e+00   6.2629400e+02   2.6750000e+02   1.0000000e+00
  -7.6976979e-01  -1.1709111e+00   2.0678987e-01   1.0000000e+00   6.4786100e+02   2.6261100e+02   1.0000000e+00
  -7.6776930e-01  -1.1851931e+00   1.4239227e-01   1.0000000e+00   6.6975000e+02   2.5905600e+02   1.0000000e+00
  -7.6814342e-01  -1.1921261e+00   8.8078912e-02   1.0000000e+00   6.8808300e+02   2.5575000e+02   1.0000000e+00
  -7.7073771e-01  -1.1926178e+00   2.7453707e-02   1.0000000e+00   7.0868600e+02   2.5168600e+02   1.0000000e+00
  -7.7701019e-01  -1.1791296e+00  -3.8770635e-02   1.0000000e+00   7.3202800e+02   2.4691700e+02   1.0000000e+00
  -7.8553761e-01  -1.1583311e+00  -1.0727076e-01   1.0000000e+00   7.5650000e+02   2.4183300e+02   1.0000000e+00
  -7.9135314e-01  -1.1351893e+00  -1.7415615e-01   1.0000000e+00   7.8102700e+02   2.3770300e+02   1.0000000e+00
  -7.9365423e-01  -1.1122399e+00  -2.3830319e-01   1.0000000e+00   8.0502800e+02   2.3491700e+02   1.0000000e+00
  -7.9368952e-01  -1.0897888e+00  -3.0439728e-01   1.0000000e+00   8.3005300e+02   2.3278900e+02   1.0000000e+00
  -7.9173346e-01  -1.0634037e+00  -3.6887819e-01   1.0000000e+00   8.5508100e+02   2.3154100e+02   1.0000000e+00
  -7.9296506e-01  -1.0397522e+00  -4.3347733e-01   1.0000000e+00   8.8005300e+02   2.2907900e+02   1.0000000e+00
  -7.9807886e-01  -1.0274153e+00  -4.9233836e-01   1.0000000e+00   9.0216200e+02   2.2497300e+02   1.0000000e+00
  -8.0328198e-01  -1.0244653e+00  -5.5007776e-01   1.0000000e+00   9.2277800e+02   2.2033300e+02   1.0000000e+00
  -8.0817486e-01  -1.0227700e+00  -6.0790659e-01   1.0000000e+00   9.4344100e+02   2.1567600e+02   1.0000000e+00
  -8.0986782e-01  -1.0241000e+00  -6.6429997e-01   1.0000000e+00   9.6308800e+02   2.1220600e+02   1.0000000e+00
  -8.0269476e-01  -1.0276920e+00  -7.1983445e-01   1.0000000e+00   9.8242400e+02   2.1157600e+02   1.0000000e+00
  -7.9278325e-01  -1.0331374e+00  -7.8391192e-01   1.0000000e+00   1.0043000e+03   2.1190900e+02   1.0000000e+00
  -7.8429538e-01  -1.0222324e+00  -8.4212921e-01   1.0000000e+00   1.0265000e+03   2.1250000e+02   1.0000000e+00
  -7.1028808e-01  -6.9598603e-01  -1.0303511e+00   1.0000000e+00   1.1477600e+03   2.4875700e+02   1.0000000e+00
  -6.9608508e-01  -5.8607452e-01  -1.0402333e+00   1.0000000e+00   1.1727800e+03   2.6166700e+02   1.0000000e+00
  -6.8605909e-01  -4.6966285e-01  -1.0401755e+00   1.0000000e+00   1.1969700e+03   2.7432500e+02   1.0000000e+00
  -6.8452274e-01  -3.5487058e-01  -1.0359188e+00   1.0000000e+00   1.2206700e+03   2.8482200e+02   1.0000000e+00
  -6.8844310e-01  -2.4780697e-01  -1.0235908e+00   1.0000000e+00   1.2412400e+03   2.9308200e+02   1.0000000e+00
  -6.9058437e-01  -1.5012167e-01  -1.0049866e+00   1.0000000e+00   1.2579100e+03   3.0251900e+02   1.0000000e+00
  -6.9465163e-01  -6.2519938e-02  -9.8491836e-01   1.0000000e+00   1.2717700e+03   3.1135700e+02   1.0000000e+00
  -7.1151551e-01   8.0980935e-01  -4.6092380e-01   1.0000000e+00   1.2665900e+03   4.9203600e+02   1.0000000e+00
  -7.1973525e-01   8.6131186e-01  -3.8768727e-01   1.0000000e+00   1.2353500e+03   5.0866000e+02   1.0000000e+00
  -7.4824678e-01   9.4756979e-01  -2.6750261e-01   1.0000000e+00   1.1806300e+03   5.2808000e+02   1.0000000e+00
