-150.507788 -1350.613649 -128.792703 856.008914
-1300.564476 -96.218897 80.376011 1776.053560
-0.294080 -0.513828 0.805914 1.771883
-256.605134 -82.374331 1329.695905 1416.779237
-1288.683161 164.994642 -2.506906 1935.956823
-0.278692 0.835417 0.473719 1.714826
-164.023139 1319.076000 -283.262299 1684.705993
-1222.893887 -4.220602 -447.448288 2072.606670
-0.062502 0.268639 -0.961211 1.485986
-390.576961 207.240787 -1282.589034 1543.710406
-1280.614042 -133.281058 119.967451 2089.028570
-0.356576 -0.778256 -0.516887 1.835826
-330.165690 -1294.947930 -237.586804 1132.332241
-1270.849380 127.039211 -249.110053 1779.200273
-0.572996 -0.465533 0.674503 2.110644
-61.426041 1346.224968 -125.171078 1482.032408
-1297.822341 194.132316 44.151676 2401.378877
-0.383432 0.368799 -0.846739 2.011205
-304.631843 104.891297 1324.278163 1856.241831
-1311.780134 -89.830671 -46.879491 2317.636558
-0.463219 0.832877 0.302893 1.989963
-191.090118 319.117920 -1301.571966 1075.348575
-1257.238039 -272.458380 -125.682345 1866.165681
-0.170267 -0.742650 -0.647673 1.564325
DistortionExist
1202.140147 0.000000 639.500000
 0.000000 1201.659321 511.500000
 0.000000 0.000000 1.000000
-0.064529 0.000000 0.000000 0.000000
1194.055922 0.000000 639.500000
 0.000000 1196.298448 511.500000
 0.000000 0.000000 1.000000
-0.057010 0.000000 0.000000 0.000000
1201.434601 0.000000 639.500000
 0.000000 1201.202847 511.500000
 0.000000 0.000000 1.000000
-0.040831 0.000000 0.000000 0.000000
1196.169358 0.000000 639.500000
 0.000000 1193.934137 511.500000
 0.000000 0.000000 1.000000
-0.058779 0.000000 0.000000 0.000000
1199.776650 0.000000 639.500000
 0.000000 1197.939780 511.500000
 0.000000 0.000000 1.000000
-0.055186 0.000000 0.000000 0.000000
1209.436404 0.000000 639.500000
 0.000000 1206.125480 511.500000
 0.000000 0.000000 1.000000
-0.026369 0.000000 0.000000 0.000000
1215.882230 0.000000 639.500000
 0.000000 1213.953524 511.500000
 0.000000 0.000000 1.000000
-0.031565 0.000000 0.000000 0.000000
1196.916983 0.000000 639.500000
 0.000000 1195.396541 511.500000
 0.000000 0.000000 1.000000
-0.081117 0.000000 0.000000 0.000000
