1 -1 -1 -1 -1 -1 -1 -1 -1 326.091 313.909 -1 -1 806.708 294 1103.91 125.091
2 -1 -1 -1 -1 -1 -1 -1 -1 330.708 317 -1 -1 806.5 298 1102.52 128.391
3 -1 -1 -1 -1 -1 -1 -1 -1 337.6 318.04 -1 -1 805 301.708 1099.09 130.091
4 -1 -1 -1 -1 -1 -1 -1 -1 346.08 315.2 -1 -1 800.346 302.346 1092 126.708
5 -1 -1 -1 -1 -1 -1 -1 -1 355 308.5 -1 -1 790.407 301.259 1078.5 119
6 -1 -1 -1 -1 -1 -1 -1 -1 365.214 299.5 -1 -1 775.414 299.138 1058.41 108.741
7 -1 -1 -1 -1 -1 -1 83.125 714.663 379.419 289.452 -1 -1 758.5 297.5 1035.72 97.4138
8 -1 -1 -1 -1 -1 -1 171.648 656.445 396.853 279.382 -1 -1 742.618 296.853 1013.71 85.7097
9 -1 -1 -1 -1 1223.88 468.08 248.619 599.779 414.667 267.222 -1 -1 728 294 993.457 72.0857
10 -1 -1 -1 -1 1163.71 423.921 309.978 544 432.5 252.5 -1 -1 716.128 288.128 977.424 55.5758
11 -1 -1 30.6506 6.83643 1112.02 386.41 358.629 491.73 450.769 237.846 -1 -1 708 281.41 966 39
12 -1 -1 -1 -1 1062.22 359.404 401.04 447.514 470.415 227.024 -1 -1 702.762 277.857 957.816 26.3421
13 1226.94 34.0977 -1 -1 1010.02 344.319 441.425 413.234 492.756 222 -1 -1 700 280 951.025 20.325
14 1157.99 29.6954 -1 -1 955.894 338.645 477.557 385.557 517.929 221.81 -1 -1 700.571 286.327 947.348 19.1957
15 1092.32 28.6805 -1 -1 903.179 338.429 505.299 360.474 545.409 222.614 -1 -1 705.36 293.5 948.354 19.3542
16 1035.23 24.883 -1 -1 856.264 340.207 521.128 335.128 572.5 221.87 -1 -1 714.415 298.321 955.306 17.0612
17 983.389 20.3943 -1 -1 813.386 343.331 530.156 311.237 598.711 220.133 -1 -1 726.37 301.5 965.528 13.7736
18 934.354 16.691 -1 -1 772.419 346.378 538.977 291.045 623.071 219.19 -1 -1 737.509 305.211 975.5 11.2407
19 880.324 12.162 -1 -1 726.381 345.714 554.537 270.612 648.711 218.133 -1 -1 745.258 310.065 980.649 8.54386
20 825.943 8.80571 -1 -1 679.675 346.285 570.246 252.263 674.978 217.689 -1 -1 753.234 315.953 986.063 6.30159
21 777.717 11.0833 -1 -1 638.15 351.605 580.544 239.254 698.587 219.457 -1 -1 763 323.119 993.484 7.23438
22 737.109 18.913 -1 -1 603.887 362.28 586.167 232.167 718.822 223.844 -1 -1 774 332 1002.94 11.5781
23 699.849 31.6089 -1 -1 572.56 375.553 592.029 229.686 737.071 230.31 -1 -1 784.1 343.286 1011.05 19.6308
24 665.946 45.2688 -1 -1 544.02 388.353 598.845 228.928 753.822 237.844 -1 -1 792.26 355.233 1016.94 29.0429
25 642.18 52.3443 -1 -1 523.958 395.979 602.713 226.872 765.636 241.75 -1 -1 798.671 362.671 1022.04 33.9444
26 629.219 49.4208 -1 -1 512.939 397.73 600.149 220.851 772.341 240.068 -1 -1 805.347 361.947 1029.64 31.0137
27 612.408 44.462 -1 -1 498.591 399.377 596.217 212.587 780.711 237.133 -1 -1 814.347 360.053 1040.28 26.2703
28 588.788 45.2804 -1 -1 478.513 406.173 593.422 206.089 792.311 237.267 -1 -1 825.623 362.377 1052.68 25.4211
29 565.443 53.1598 -1 -1 460.112 419.717 587.551 203.966 803.073 240.561 -1 -1 839.544 367.456 1068.36 29.6265
30 549.521 64.5309 -1 -1 449.102 438.567 575.568 205.023 809.5 245 -1 -1 855.636 371.753 1087.87 35.2278
31 537.637 81.5 -1 -1 443.383 464.352 557.798 209.607 813.025 250.325 -1 -1 874.564 376.346 1112.31 43.5952
32 528.657 105.028 -1 -1 441.563 498.299 534.595 217.095 814.5 257.8 -1 -1 896.857 381.584 1141.64 54.6786
33 521.85 136.442 -1 -1 443.648 541.347 506.488 227.683 814.081 266.541 -1 -1 922.253 387.48 1176.11 68.642
34 518.663 176.583 173.61 1.58537 450.32 592.387 475.513 241.6 811.872 277.128 -1 -1 948.403 394.819 1212.31 86.0128
35 523.281 220.91 136.667 19.0988 463.876 643.87 445.728 257.728 806.73 287.892 -1 -1 970.397 401.912 1243.76 103.853
36 535.423 256.103 109.876 34.7079 480.629 680.887 424.468 271.646 800.083 295.778 -1 -1 982.896 406.716 1262.16 117.041
37 552.249 280.324 93.4824 46.8235 498.195 702.914 411.577 283.397 793.229 301.571 -1 -1 986.986 409.812 1268.91 126.612
38 572 296.375 84.7333 56.6333 515.892 713.909 404.544 293.544 785.912 305.794 -1 -1 985.338 411.877 1267.43 133.536
39 593.976 304.695 83.7333 64.6333 533.44 714.418 403.615 302.872 778.194 309.167 -1 -1 978.19 413.714 1258 138.5
40 620.197 306.043 92.8211 72.7474 552.212 703.179 410.487 313 769.167 312.5 -1 -1 963.785 415.692 1237.94 142.87
41 650.327 302.042 110.229 81.1979 572.846 682.891 423.937 324.494 758.028 315.917 -1 -1 942.092 418.031 1208.84 146.896
42 681.739 296.527 132.735 90.8431 594.331 659.118 441.317 337.512 745.514 319.743 -1 -1 917.234 420.906 1175.58 150.855
43 715.955 292.941 156.907 102.813 618.325 635.706 459.871 353.729 730.703 324.73 -1 -1 890 424.5 1140 156
44 756.874 289.767 183.416 117.717 648.203 610.716 480.5 374.5 711 330.244 -1 -1 859 427.5 1101.02 161.182
45 802.463 288.032 212.322 136.455 682.314 586.05 502.924 400.413 687 337.244 -1 -1 824.952 430.855 1059.32 167.371
46 848.582 284.606 238.674 154.114 717.822 562.504 523.021 427.052 660.244 343 -1 -1 792.545 431.655 1021.47 170.862
47 885.363 280.019 259.165 166.957 746.309 543.406 538.88 448.72 637.884 346.116 -1 -1 767.545 430.655 992.9 171.717
48 916.431 272.15 277.401 174.884 770.448 524.88 552.271 465.477 617.717 346.783 -1 -1 746.073 427.655 969.386 170
49 942.6 260.655 297.506 178.321 790.462 504.42 567.464 478.598 599.354 345.354 -1 -1 725.5 423.5 946.66 165.774
50 964.348 246.624 318.97 178.186 807.018 483.212 583.633 488.556 582.708 342.5 -1 -1 706 418.37 925.585 160.321
51 984.301 233.436 342.429 178.103 822.17 462.464 601.583 498.758 565.979 339.83 -1 -1 686.569 413.686 904.686 155.059
52 1004.01 222.71 370.287 182.033 837.275 442.798 623.069 512.831 547.571 338.673 -1 -1 665.5 410.64 882.02 151.837
53 1025.07 217.451 403.356 193.799 853.981 426.019 648.09 534.647 525.74 341.62 -1 -1 642.429 410.673 857 152.5
54 1049.57 215.277 439.418 212.202 873.636 410.939 675.364 563.786 499.852 346.5 377 1.65517 617.891 411.696 831 155
55 1070.2 217.777 478.977 236.824 890.462 399.67 705.043 597 474.5 354.5 354.675 14.025 594.319 415.426 805.673 160.571
56 1088.33 219.306 528.021 263.841 905.133 386.911 742.169 633.284 446.611 363.611 331 29.7561 568 420 777.54 166.4
57 1094.65 211.207 592.305 278.514 909.553 366.635 792.627 658.359 422.586 368.897 312.163 43.5116 538.419 423.023 745.311 168.022
58 1090.09 197.976 664.33 281.969 904.618 343 851.532 671.506 404.426 371 299.574 55.6809 507.652 425.5 711.729 166.625
59 1079.06 187.857 737.729 286.651 894.181 323 913.594 681.669 390 375.815 291.417 70.75 477.556 430.933 677.955 167.932
60 1061.04 182.406 809.18 294.656 878 307.652 976.982 689.54 380.389 384.819 289.288 90.7115 448 441 644.17 173.021
61 1037.34 181.029 878.281 305.737 856.849 296.061 1041.36 695.772 375.442 398.662 292.286 115.5 418.5 455.13 609.391 182
62 1011.95 182.25 946.056 319.62 833.952 287.177 1107.07 702.664 371.888 417.313 297.746 144.915 387.5 473 572.6 193.6
63 987.103 183.466 1010.46 332.908 811.5 278.714 1172.21 708.973 368.943 437.483 304.355 175.984 355.458 491.396 535.167 205.938
64 963.849 185.17 1071.12 346.725 790 271.5 1236.22 716.047 365.926 460.242 311.359 209.359 322.913 511 497.167 219.104
65 946.5 183.208 1119.49 351.921 773.385 263.25 -1 -1 363.277 476.307 317.377 234.565 295.087 525 465.25 227
66 932.38 176.1 1158.52 345.965 759.686 251.784 -1 -1 362.376 482.413 323.072 249.884 271.556 531.933 439.167 228.104
67 919.298 164.936 1191.73 330.778 746.571 238.327 -1 -1 364.128 480.55 330 257.808 249.822 534.156 415.686 224.216
68 907.46 151.36 1216.9 310.039 734.375 223.729 -1 -1 368.75 472.383 338.385 259.128 231.913 533 396.5 216.5
69 896.667 139.451 1235.93 290.53 723.569 211.471 -1 -1 374.659 463.317 346.607 258.607 217.25 531 380.692 209.135
70 887.5 131.154 1254.4 277.846 714 202 -1 -1 378.899 459.101 353.701 261.885 202.979 531.563 365.473 204.782
71 878.098 125.373 1274.6 270.198 704.553 194.234 -1 -1 381.846 459.577 360.596 270.236 186.75 535 347.75 203.615
72 864.694 122.224 -1 -1 691.391 188.391 -1 -1 388.5 466.214 371.947 284.128 167.68 543.14 326.526 206.07
73 842.913 118 -1 -1 670.205 181.886 -1 -1 409.128 473.591 395.5 300.102 145.25 555 299.929 209.268
74 813.745 114.298 -1 -1 642.116 177.884 -1 -1 447.481 480.769 432.041 313.959 125.615 570.25 274.211 213.491
75 781.045 113.932 -1 -1 610.977 177.581 -1 -1 498.76 491.591 476.88 328.12 109.596 589.519 250.302 220.937
76 745.609 117.609 -1 -1 577.533 182.578 -1 -1 560.337 508.074 527.03 342.9 99.4727 614.218 229.953 233.766
77 709.844 125.044 1261.14 224.466 544.048 191.929 -1 -1 627.471 528.351 578.371 356.918 95.2167 642.483 214.101 250.783
78 674.426 133.532 1232.18 223.177 510.884 203.116 -1 -1 696.128 548.844 628.888 368.888 95.127 672.333 201.395 269.526
79 641.886 144.205 1202.21 225.08 481.07 216.721 -1 -1 759.566 569.688 673.358 378.821 100.619 702.492 194.125 290.5
80 611.75 154.625 1174.5 226.5 453.581 229.977 -1 -1 817.554 588.125 713.34 386.766 108.015 731.364 189 311.341
81 586.396 158.458 1153.03 220.746 429.929 237.048 -1 -1 866.03 593.389 746.67 386.648 114.071 750.6 184.802 322.407
82 563.673 157.429 1133.12 210.088 408.289 239.911 -1 -1 908.448 587.715 775.957 379.191 121.437 762.028 183.172 325.753
83 542.5 155.36 1114 198.182 387.63 242.109 -1 -1 946.871 578.515 802.891 369.228 130.333 770.56 183.948 326.381
84 521.824 153.49 1095.19 187.704 368.152 244.565 -1 -1 982.112 569.406 827.432 359.182 140.9 778.214 186.347 327.248
85 501.574 152.17 1076.53 178.113 348.604 247.542 -1 -1 1015.47 561.357 850.705 349.58 -1 -1 189.5 328.352
86 481.5 149.5 1060.85 168 329.17 249.021 -1 -1 1048.46 552.404 874.357 340.321 -1 -1 190.17 328.339
87 460.904 147.173 1044.87 158.094 309.37 250.891 -1 -1 1080.97 543.783 897.388 331.141 -1 -1 191.347 328.508
88 438.471 148.431 1025.19 151.231 288.37 256.891 -1 -1 1113.1 538.971 919.728 322.728 187.622 813.324 197.532 333.597
89 416.073 149.655 998.192 143.231 267.5 265 1274.13 308.906 1137.57 528.595 937.605 307.474 218.234 820.34 218.03 335.47
90 393.655 152.017 966.429 135.265 247.471 275.569 1240.57 296.314 1154.55 515.766 950.836 288.178 254.596 822.971 250.266 335.799
91 372.569 155.793 934.24 129.12 229.42 287.76 1206.69 286.061 1165.94 504.699 960.113 269.648 296.336 823.336 287.785 336.658
92 353.063 160.969 902.314 124.784 213.143 301.625 1173.23 278.212 1172.32 495.283 965.849 252.061 340.018 822.375 329.744 338.5
93 333.448 168.955 868.288 122.577 197.5 319 1137.62 272.75 1174.95 488.368 968.567 235.617 388.181 821.44 378.564 342.896
94 311.134 182.851 831.037 124.444 180.759 342.517 1099 270.63 1177.11 487.087 970.455 222.436 442.467 825.852 434.488 355.434
95 286 203.625 791.37 130.704 162.35 373.267 1058.43 272.453 1179.55 491.62 971.641 213.321 502.339 836.256 497.2 377.533
96 259.329 220.849 754.635 133.577 142.328 400.891 1021.5 270.792 1183.41 491.848 974.74 202.38 558.605 843.339 558.218 394.527
97 237.423 226.321 729.157 129.02 124.712 415.848 996.385 263.75 1187.85 484.233 979.37 189.109 598.709 841.291 603.445 395.775
98 218.975 222.443 709.113 118.434 108.612 421.358 976.83 252.021 1191.14 469.542 983.711 172.133 630.241 830.015 640.903 383.149
99 202.469 215.296 691.255 105.922 93.5735 423.544 959.712 239.288 1193 453.073 987.426 154.17 658.257 814.963 675.79 365.327
100 185.5 209.5 674 95.36 78.7397 426.959 943.25 228 1195.13 439.094 991.071 138.19 685.935 802.065 710.464 350.166
101 167.25 208.909 655.5 88.5 63.5069 435.233 925.5 220.36 1197.17 430.038 993.977 125.884 716.105 794.315 748.037 342.565
102 148.133 215.167 635.14 86.32 48.9589 450.068 905.529 216.569 1197.6 426.277 995.122 117.122 749.986 791.455 790.875 344.213
103 129 226.272 612.4 87.46 35.1154 470.141 883.306 215.939 1196.21 425.535 994.098 110 786.903 790.766 838.894 351.415
104 110.194 235.806 589.979 87.1702 22.5325 489.052 861.5 214.36 1192.69 422.769 992.081 101.541 822.589 786.5 887.225 354.653
105 93.95 246.89 567.569 87.8824 12.3049 509.305 840.043 214.319 1187.43 421.143 988 94.4103 856.131 781.772 934.647 358.615
106 80.3551 259.243 542.911 89.1333 5.89286 531.56 816.292 215.5 1177.55 418.935 980.5 85.6471 889.908 772.901 984.941 360.47
107 77.3805 266.788 518.896 88.4792 9.1236 548.618 792.796 216.673 1159.96 412.769 967.139 74.6111 914.79 753.739 1027.87 351.4
108 84 273.153 495.76 87.76 21.4066 563.451 770.327 219.429 1137.12 406.56 949.5 63.5 932.06 730.286 1062.33 338.57
109 97.8629 280.968 473.566 89.5472 40.4948 578.175 748.549 225.294 1112.35 401.652 929.226 53.8064 943.606 707.953 1089.43 327.856
110 119.326 290.271 452.204 93.0741 66.5545 592.347 727.549 233.294 1084.73 398.577 906.419 45.871 949.832 685.95 1109.01 318.066
111 147.479 304.257 428.707 100.121 99.0283 609.953 704.98 245.163 1054.5 398.067 880.5 40.3333 953.982 665.788 1125.59 312.382
112 181.79 327.678 400.491 112.421 139.156 635.229 677.964 262.436 1020.67 400.267 850.5 36.5 959 648.288 1143.84 312.438
113 226.767 360 370 131.641 189.25 666.065 649.434 286.453 983.13 406.522 817.367 36.3667 960.835 634.144 1157.28 318.473
114 284.609 400.424 339.91 158.09 249.518 699.17 621.359 317.679 -1 -1 780.345 40.2759 956.671 624.293 1162.57 328.493
115 340.52 429.428 317.941 180.029 304.107 719.741 600.673 344.436 -1 -1 749.192 43.3077 948.232 614.116 -1 -1
116 384.736 442.403 300.155 191.141 345.412 728.991 584.5 360.286 -1 -1 726.043 41.087 941.52 601.06 -1 -1
117 421.41 448.874 283.775 196.93 378.733 734.517 569.525 371.068 -1 -1 707.346 37 936.881 587.762 -1 -1
118 454.235 454.053 268.108 201.459 408.612 739.298 555.905 380.095 -1 -1 691.087 32.913 933.242 576.03 -1 -1
119 483.841 458.403 253.11 205.233 435.21 743.685 542.559 387.814 -1 -1 676.577 28.3462 930.828 565.103 -1 -1
120 507.978 464.056 235.545 207.364 457.468 751.19 527.651 393.429 -1 -1 664.87 23.2174 931.828 555.103 -1 -1
121 526.368 467.984 215.696 205.684 475.133 759.758 511 395.286 807.333 408.286 655.5 16 936.765 544.618 -1 -1
122 540.128 459.685 195.756 195.098 488.074 761.43 494.175 389.508 800.346 398 648.821 3.60714 942.6 529.511 -1 -1
123 545.968 441.131 174.679 175.357 494.021 759.28 476.91 375.91 797.233 383.3 -1 -1 951.891 510.906 1200.64 252.955
124 549.157 409.943 160.058 149.86 496.156 746.727 464.776 357.567 795.917 366.222 -1 -1 957.478 489.971 1212.19 227.808
125 562.26 381.442 148.602 130.011 505.615 732.05 455.437 345.099 790.757 352.243 -1 -1 957.478 471.702 1215.75 206.059
126 592.627 363.675 135.633 119.622 529.541 721.277 444.689 342.514 779 343 -1 -1 952.567 456.493 1213.21 190.537
127 633.252 353.555 122.698 115.938 561.831 712.487 434.013 346.68 763.405 337.162 -1 -1 944 444.5 1206.06 180.185
128 678.353 347.717 112.13 117.06 597.457 704.235 425.397 355.436 746.405 334.162 -1 -1 932.952 435.371 1194.89 173.597
129 726.211 350.474 103.505 125.59 635.128 699.085 418.383 370.21 728.079 335.053 -1 -1 920.177 430.645 1180.9 173.484
130 781.955 365.074 93.4643 144.295 679.516 700.22 410.329 394.244 706.229 340.571 -1 -1 905.883 429.733 1164.95 179.22
131 840.463 390.267 84.2966 173.364 726.208 706.253 402.741 426.588 682.314 350.686 -1 -1 890.455 433.436 1147.02 190.855
132 898.325 411.329 74.3252 201.618 771.98 709.52 395.241 458.448 658.222 359.333 -1 -1 875.389 435.389 1129.58 200.25
133 946.102 417.156 66.5039 217.977 808.831 704.513 389.044 480.637 638.167 362.5 -1 -1 861.686 432.784 1115.29 201.577
134 985.54 414.558 61.7122 227.381 838.747 694.747 385.229 496.771 621.222 362.667 -1 -1 849.5 428.5 1101.67 199.647
135 1021.44 418.271 59.0417 242.979 866.105 688.58 383.175 516.753 604.5 365.833 -1 -1 837.224 427.449 1088.4 201.4
136 1049.7 434.258 62.2237 270.697 888.422 689.563 385.663 544.079 589.053 375.079 -1 -1 825 433 1073.69 211.061
137 1081.07 453.86 66.1234 305.266 912.955 691.629 388.602 577.245 571 387 -1 -1 811.37 439.891 1057.56 222.933
138 1117.06 467.464 67.8667 338.073 940.874 689.646 389.835 611.01 550.757 396.243 -1 -1 796.711 443.956 1041 231
139 1157.04 474.379 67.4023 367.908 971.508 683.442 389.371 643.924 528.405 402.838 387.423 8.15385 781.721 444.279 1024.33 235
140 1202.14 477.679 66.6649 400.611 1005.75 673.695 388.685 681 502.571 408.229 362.519 15.1111 764.293 443.073 1006.12 237.116
141 1248.53 476.561 69.4631 435.675 1040.92 659.817 390.5 722.362 474 413 335.308 22.2308 744.707 440.927 985.075 237.8
142 1275.01 475.524 83.6852 469.269 1062.53 646.889 400.331 758.924 450.897 419.718 313.724 31.4138 726.154 442 965 240.5
143 -1 -1 107.829 505.627 1076.55 634.99 417 795.64 430 428.756 295.111 43.4815 707.921 445.947 944.128 245.872
144 -1 -1 142.284 540.093 1085.48 619.351 440.792 831.392 409.158 437.5 277.214 56.5 687.286 450.143 921 250.5
145 -1 -1 188.52 564.468 1087.67 598.472 472.828 859.851 390.41 444 261.5 68 665.286 453.143 896 252.5
146 -1 -1 248.238 583.531 1083.93 573.867 514.553 884.917 372.268 450.439 247.5 80.5 640.919 456.541 868.135 253.703
147 -1 -1 322.789 601.407 1073.68 548.237 567.455 908.58 354.977 458.884 235.281 96.1875 614 462.171 836.895 256.211
148 1267.99 414.644 407.83 621.714 1057.92 525.405 629.042 931.894 338.933 471.556 225.5 116.5 585.778 471.667 803.778 262.333
149 1246.4 407.346 496.165 648.993 1041.06 506.971 694.158 959.288 322 489 216.459 141.919 556.706 484.5 769.872 272.128
150 1226.76 400.708 577.2 671.389 1025.85 490.939 755.342 982.678 306.712 505.712 208.5 165.706 530.294 496.5 738.769 280.846
151 1209.86 392.742 644.716 683.509 1011.95 476.234 807.703 997.412 295 518.5 203.1 184.375 507.861 505.389 713 286.59
152 1197.45 384.8 706.117 694.635 1001.81 462.441 855.846 1012.61 281.93 529.474 196.333 201 486.861 512.389 689.103 290.718
153 1190.92 374.694 765.259 704.589 995.983 447.172 -1 -1 265.661 537.102 186.116 214.884 466.2 516.257 666.595 291.838
154 1187.66 362.125 825.299 712.218 992.855 430.255 -1 -1 247 542.274 173.429 226.612 445.394 517.515 644.5 290.167
155 1182.8 350.054 886.338 717.824 988.564 413.673 -1 -1 228.623 547.82 161.583 238.75 424.273 519.333 622.405 288.838
156 1174.15 339.17 944.565 719.638 980.896 399.167 -1 -1 213.578 554.234 153.375 251.896 404.294 522.5 600.842 288.789
157 1160.43 328.163 998.015 712.428 968.816 385.143 -1 -1 203.958 560.648 150.529 264.569 384.971 526.618 579.718 288.949
158 1138.96 315.618 1042.03 689.089 950.14 371.3 -1 -1 204.127 564.352 156.769 275 367.294 531.5 559.211 288.158
159 1111.06 305.058 1075.18 660.35 925.74 360.16 -1 -1 213.135 569.703 171.407 286.259 351.194 539.167 539.5 290
160 1078.29 298.098 1098.94 631.772 896.776 352.551 1216.24 998.142 229.695 579.012 192.897 299.638 336.333 550.778 519.902 295
161 1040.53 292.277 1112.61 599.979 863.75 347 1242.7 956.87 255.635 589.553 222 313.5 323 565 500.81 301.929
162 1001.16 289 1119.98 570.476 828.574 343.83 1263.34 914.643 287.28 602.097 255.967 328.213 310.921 582.053 481.886 310.795
163 964.083 288.021 1127.27 550.32 795.426 342.83 1278.23 880.773 318.265 619.347 288.794 346.111 298.025 601.325 462.109 322.63
164 932.469 287.571 1138.26 535.719 766.913 341 -1 -1 344.245 637.5 316.625 364.938 283.872 620.128 441.354 334.354
165 907.646 280.875 1151.01 515.674 743.8 334.2 -1 -1 365.745 645.336 339 375.881 269.429 631.357 421.918 338.245
166 887.25 270 1162.97 491.389 724.2 324.2 -1 -1 385.362 644.5 358.706 380.074 255.795 636.886 404.569 336.471
167 869.25 258 1177.26 467.79 706.5 313 -1 -1 402.25 642.383 376.167 383.903 240.795 640.886 386.423 333.365
168 854.5 246.208 1196.01 448.043 692 301 -1 -1 413.915 640.876 389.76 389.24 223.444 644.067 366.569 329.471
169 842.426 235.83 1219.55 433.375 679.558 289.442 -1 -1 420.912 643.161 400.329 398.421 203.478 648.37 344.611 326.611
170 831.116 227.884 1246.45 424.472 668 279.244 -1 -1 425 651.958 409.425 413.212 181 655.5 320.283 327.208
171 819.333 223 1273.77 420.442 656 271.5 -1 -1 429.564 668.205 419.542 433.711 156.739 666.478 293.5 331.5
172 807.659 219.659 -1 -1 644.244 265 -1 -1 434.663 687.362 430.25 456.091 132.5 679 266.759 336.944
173 795.5 215.667 -1 -1 632 258 -1 -1 442.04 706.989 442.705 478.58 107.267 691.6 239.389 342.389
174 783.641 210.59 -1 -1 620.053 251.079 -1 -1 452.88 721.516 456.67 495.956 85 702 215 345.5
175 769 207.59 -1 -1 605.444 247.083 -1 -1 473.123 736.727 476.2 511.821 66.3864 714.773 193.286 350.5
176 751.919 208.541 -1 -1 589 247 -1 -1 501.457 759.307 500.56 530.505 49.7111 732.911 172.237 361.017
177 732.921 211.947 -1 -1 571.147 249.618 -1 -1 536.81 786.135 528.532 549.915 35.6383 754.809 152.3 374.983
178 711.158 216.211 -1 -1 550.919 254.541 -1 -1 582.927 810.19 561.656 564.86 25.9744 778.154 135.345 390.293
179 687.684 220.868 -1 -1 528.771 260.429 -1 -1 637.106 830.024 598.28 575.011 20.05 802.925 121.049 406.443
180 662.229 226.571 -1 -1 505.091 267.697 -1 -1 696.631 850.874 637.5 584.622 16 830.415 107.029 424.941
181 636.444 234.333 1276.76 375.39 481.314 277.314 -1 -1 758.375 872.75 676.5 593.378 14.75 860.977 94.9701 446.91
182 608.706 243.5 1251.38 371.962 455.861 288.611 -1 -1 824.871 894.005 717.391 600.437 -1 -1 84.5333 471.893
183 583.128 248.128 1225.76 362.8 432.088 296.794 -1 -1 884.46 897.7 753.551 597.124 -1 -1 78.973 488.797
184 560.59 249.821 1202.19 350.957 411.083 302.222 -1 -1 935.823 890.55 784.922 588.111 -1 -1 76.6829 499.488
185 539.8 250.075 1180.45 338.975 391.4 306.514 -1 -1 980.882 879.846 812.553 577.365 -1 -1 76.1744 507.57
186 520.293 249.073 1159.63 325.825 372.861 309.611 -1 -1 1020.64 863.656 837.5 563.395 -1 -1 77.8778 511.944
187 502.238 246.857 1140.16 312.636 355.865 311.703 -1 -1 1055.22 844.492 859.542 547.711 -1 -1 81.3444 513.567
188 485.279 244.93 1122.41 300.756 339.8 313.925 -1 -1 1086.72 827.824 879.952 533.833 -1 -1 84.5269 515.667
189 467.833 245.048 1105.64 291.595 323.231 317.846 -1 -1 1118.12 817.123 900.062 523.63 -1 -1 86.81 521.71
190 447.744 247.047 1088.5 284.5 304.342 323.395 -1 -1 1155 812.5 923.092 516.711 -1 -1 86.1776 533.458
191 425.444 248.933 1072.5 276.7 283 328.59 -1 -1 1196.86 809.621 948.844 511.558 -1 -1 81.6637 547.54
192 401.711 251.444 1055.82 269.575 260.846 335 -1 -1 1240.29 808.218 975.562 506.644 -1 -1 77.1148 564.566
193 376 253 1037 260.206 236.139 341.389 -1 -1 -1 -1 1003 498 -1 -1 75.0236 580.417
194 353.63 251.109 1017.63 247.789 214.925 345.05 -1 -1 -1 -1 1023.91 481.09 -1 -1 82.75 585.11
195 332.5 250 995.629 236.371 195 350.41 1276.31 366.361 -1 -1 1039.7 461.227 -1 -1 99.6644 587.199
196 312.571 250.673 971.771 226.429 177.025 357.675 1251.59 352.829 -1 -1 1050.81 440.238 -1 -1 125.62 589.007
197 294 252.4 946.342 217.605 160.659 366.409 1225 341.5 -1 -1 1057.5 418.138 -1 -1 159.618 589.038
198 275.769 254.788 920.081 209.541 144.833 376.429 1197.07 330.81 -1 -1 1061.71 395.724 -1 -1 199.68 588.142
199 255.981 258.151 892.81 201.929 127.909 387.864 1168.82 320.526 -1 -1 1065.82 373.561 -1 -1 243.142 588.631
200 232.5 265.5 863.279 197.07 108.37 403.891 1138.18 312.225 -1 -1 1070.61 354.611 -1 -1 291.518 597.964
201 203.5 281 829.146 196.854 85.0588 428.451 1103 307.5 -1 -1 1075.64 339.321 -1 -1 350.817 622.475
202 171.544 302.439 793.116 200.116 60.0588 459.451 1066 305.59 -1 -1 1079.42 326.75 -1 -1 419.785 657.836
203 137.887 320.403 758 199.244 33.3542 488.125 1031 300.5 -1 -1 1083.58 311.023 -1 -1 493.105 685.667
204 108.206 327.111 731.268 192.098 8.44 505.24 1004.76 290.757 -1 -1 1089.33 293 -1 -1 553.502 693.955
205 81.1667 327.758 709.325 182.025 -1 -1 983.135 278.703 -1 -1 1095.2 274.075 -1 -1 607.417 690.988
206 58.1667 326.758 689.122 172.122 -1 -1 963.513 267.757 -1 -1 1098.08 255.541 -1 -1 660.326 681.22
207 37.4857 329.1 669.361 165.306 -1 -1 944.184 260.079 -1 -1 1098.54 239.923 -1 -1 714.124 675.343
208 14.4028 336.917 648.675 162.025 -1 -1 923.861 255.389 -1 -1 1098.41 227.838 -1 -1 772.625 679.928
209 -1 -1 627.675 160.025 -1 -1 903.158 251.789 -1 -1 1097 216.5 -1 -1 833.132 685.609
210 -1 -1 606.075 158.2 -1 -1 882.108 249.135 -1 -1 1093.68 205.412 -1 -1 896.461 689.581
211 -1 -1 585.5 155.833 -1 -1 862 246 -1 -1 1089.5 193.5 -1 -1 956.993 687.215
212 -1 -1 562.154 150.231 -1 -1 839.559 240.676 -1 -1 1084.45 177.581 -1 -1 1025.4 675.58
213 -1 -1 538.282 144.897 -1 -1 816.294 236.5 -1 -1 1073.91 160.697 1024.35 1017.64 1089.8 652.049
214 -1 -1 512.075 144.2 -1 -1 791 237.5 -1 -1 1058.5 146.667 1056.63 987.807 1152.29 634.163
215 -1 -1 485.05 148.375 -1 -1 764.778 243.333 1264.12 499.462 1038.41 136.074 1082.5 959 1206.7 621.329
216 -1 -1 460.075 154.2 -1 -1 740.2 251.925 1232.4 495.6 1014.59 127.074 1095.86 927.357 1243.62 603.992
217 -1 -1 434.419 163.023 -1 -1 715.244 264 1197.12 493.56 987.107 119.964 1102.63 895.388 1270.44 587.429
218 -1 -1 406.795 175.318 -1 -1 688.816 279.316 1160.36 493.84 957.407 114.074 1107.3 866.107 -1 -1
219 -1 -1 376.886 189.205 -1 -1 660.8 296.075 1124.63 495 927.741 109.407 1112.07 839.472 -1 -1
220 2.87179 555.308 347 205 17.8315 852.101 632.975 314.675 1090 497.222 898.5 106 1115.14 816.576 -1 -1
221 28.3496 587.965 315.896 216.479 54.9043 884.585 604.146 329.146 1058 495.4 871.5 99 1118.77 790.818 -1 -1
222 54.6067 602.06 290.74 219.48 86.198 901.96 581.578 336.533 1032.23 487.591 850 88.8261 1118.47 762.612 -1 -1
223 83.6933 612.736 267.75 221.615 118.374 915.112 561.116 343.116 1008.16 480.28 829.6 79.04 1115.61 736.75 -1 -1
224 118.047 620.312 247.519 223.87 153.378 923.964 543 350 984.783 473.348 809.667 70.125 1109.05 712.532 -1 -1
225 154.574 624.087 229.611 225.611 188.534 928.172 527.362 356.809 962.923 467.154 790.739 62.6957 1100.44 690.628 -1 -1
226 192.59 630.218 212.281 229.228 224.387 933.613 512.085 364.915 941.923 462.154 772.091 56.0909 1091.97 671.627 -1 -1
227 231.964 640.49 193.509 234.579 261.516 941.566 495.936 374.553 920.963 458.593 753.5 51.0833 1084.29 654.914 -1 -1
228 274.364 655.091 171.85 241.85 301.264 953.101 477.633 385.816 899.346 455.846 733.909 46.0909 1077.94 639.029 -1 -1
229 321.564 671.294 147.794 249.984 344.803 965.644 457.5 398.5 876.607 452.821 713 41 1071.1 622.731 -1 -1
230 372 687.5 126.092 260.031 388.963 975.778 439.5 412.5 854.806 451.548 692.909 37.9091 1062.48 609.286 -1 -1
231 431.048 702.096 104.045 271.702 438.757 982.934 421.611 428.611 831 450.069 670.708 35 1051.39 595.678 -1 -1
232 495.863 701.854 88.7222 280.736 489.261 975.746 409.389 443.611 807 447.5 648.318 31.8636 1034.23 581.1 -1 -1
233 563.769 697.859 78.8961 292.558 540.252 962.46 401.5 461.5 782.613 446.677 626 31.2917 1013.29 569.5 -1 -1
234 630 694.453 73.7037 308.457 589.169 947.235 397.138 482.5 758.5 448.5 603.609 34.0435 990.453 561.434 1253.41 355.718
235 693.529 689.187 75.2791 328.349 635.239 928.037 398.129 506.726 734.303 453.091 581.292 40 965.288 556.712 1222.08 353.111
236 755.986 682.493 81.9444 351.978 680.118 905.575 403.049 534.557 708.853 459.382 558.091 48.0909 937.22 554.16 1187.5 352.294
237 817.452 677.442 89.0417 379.146 724.792 884.504 408.273 565.727 682 466.735 533.44 57.4 909.25 552 1153.69 352.688
238 879.265 673.429 94.6337 409.297 770.26 864.664 412.129 599.843 653 474 507 66.5 882.22 549.16 1121.88 352.281
239 932.41 665.989 105.657 439.593 809.193 842.772 420.113 633.648 625.706 481.5 482 76.5 855.106 547.553 1090.39 352.387
240 978.488 647.035 121.224 461.56 842.477 814.207 431.442 661.974 599.405 484.838 458.5 83 827.652 542.5 1059.07 347.067
241 1014.21 620.944 136.26 471.333 867.951 784.029 442.288 680.213 577.897 482.718 439.214 84.5 804.444 534.067 1033.5 337
242 1047.34 599.477 148.093 481.481 892.188 758.673 450.554 698.361 557.184 480.316 420.586 85.2759 784.444 526.067 1011.79 327.821
243 1078.21 579.891 160.152 491.877 914.929 735.141 458.807 716.636 537.025 478.325 402.296 86.2222 765.744 518.953 992 319.241
244 1105.24 560.169 174.946 502 934.951 711.525 469.228 734.913 517.732 476.439 384.633 87.3667 747.071 512.19 972 311.241
245 1132.06 547.095 189.922 518.909 955.126 692.716 479.742 757.979 497.2 477.5 366.414 91.2759 729.333 508 953.172 307.103
246 1160.52 542.137 203.311 546.256 976.947 679.021 488.554 788.911 475.244 482 346.333 98.2 712.19 506.262 935.067 306.167
247 1188.82 537.548 217.101 576.034 998.632 666.322 497.664 821.542 452.244 487 325.452 105.419 695.5 504.8 917.69 305.897
248 1213.52 529.105 235.451 602.391 1017.54 650.711 509.7 852.273 430 490.333 305.5 111.5 678.41 502.179 899.778 303.741
249 1229.57 509.818 263.221 614.897 1029.49 627.878 528.635 873.33 410.644 489.178 288.5 114.5 659.861 497.389 880.222 297.37
250 1236.19 486.968 300.062 619.152 1034.29 602.551 554.669 887.771 394.091 487.364 274.5 117.5 640.865 493.297 859.793 290.724
251 1236.72 467.556 346.175 626.924 1034.44 579.027 587.624 904.032 378.5 489 262 124.265 620.167 492.5 836.97 287.424
252 1232.54 450.073 401.568 637.389 1031.06 556.194 627.586 921.906 362.529 493.569 250.222 134.667 598 494 812.069 286.138
253 1224.09 431.703 465.521 645.847 1023.94 532.386 674.636 938.093 346.76 499 239.243 146.757 574 497 784.906 285.5
254 1212.73 410.448 537.649 648.694 1014.61 506.167 728.835 951.381 330.5 503.5 229 158.756 547.778 499.333 755.758 283.697
255 1202.31 390.548 615.024 653.774 1005.54 480.295 787.517 967.545 312.259 509.407 217.05 172.825 519.595 502.162 724.861 282.389
256 1195.17 378.424 691.716 672.011 999.441 460.186 846.027 993.381 290.441 520.186 202.5 191.5 492.139 507.611 694.769 284.846
257 1189.42 372.019 770.515 702.019 994.527 444.782 -1 -1 265.145 536.952 186.071 215.19 464.595 516.162 664.528 290.944
258 1186.29 360.125 841.386 717.109 991.577 427.115 -1 -1 241.885 545.607 170.429 231.327 439.917 519.222 638.556 291.083
259 1184.22 345.289 907.868 722.458 989.353 407.922 -1 -1 219.969 549.092 155.354 242.646 417.028 519.083 614.972 287.917
260 1183.35 330.811 971.191 726.83 988.087 390 -1 -1 198.015 551.567 139.74 252.52 396 517.829 593.757 283.757
261 1183.12 317.147 1029.66 728.64 987.5 373.36 -1 -1 177.09 552.09 125.26 260.38 377 515.735 574.947 279.079
262 1182.12 307.147 1086.46 734.78 986.085 359.915 -1 -1 156.694 555.597 111.321 270.585 358.909 515.697 556.972 276.917
263 1179.74 302.618 1143.9 751.151 983.929 350.19 -1 -1 135.056 565.806 97.5 286.5 340.706 519.5 538.333 278.778
264 1175.9 298.3 1203.3 767.344 980.5 341.13 -1 -1 112.947 577.653 84.6111 304.389 322.091 524.303 519.229 281.571
265 1170.13 294.867 1255.93 779.241 975.581 333.698 -1 -1 94 589.5 74.5455 321.345 305.091 529.303 501.5 284.5
266 1162.04 290.308 -1 -1 968.381 325.095 -1 -1 75.4545 602.273 65.8525 339.836 286.586 534.724 482.229 287.429
267 1150.15 283.259 -1 -1 957.878 316.122 -1 -1 66.5542 608.831 64.7288 352.22 271.226 538.806 465.571 287.771
268 1131.73 278.167 -1 -1 941.756 310 -1 -1 69.6786 616.595 74.2581 363.935 258.452 545.419 450.694 290.306
269 1107 275.345 -1 -1 919.95 307.175 -1 -1 85.3034 626.146 94.4545 375.288 248.452 555.419 437.243 295.243
270 1076.91 275.063 -1 -1 893.634 307.927 -1 -1 113.516 637.319 124.909 386.061 241.727 568.333 425.872 302.872
271 1044.91 278.063 -1 -1 865.333 312 -1 -1 150.021 650.052 160.939 396.152 238.548 583.581 416.947 312.921
272 1012.95 283.432 -1 -1 837.293 318.927 -1 -1 190.427 664.229 198.864 405.864 238.162 600.973 410.333 325
273 981.535 290.698 1259.93 620.068 809.833 328.048 -1 -1 235.5 676.902 238.108 412.2 241.921 618.368 407.81 338.071
274 950.581 297.977 1219.71 597.639 783 338.244 -1 -1 283.86 686.51 278.09 415.09 249.316 635.026 408.19 350.929
275 924.5 301 1181.11 571.713 760 345.756 -1 -1 328.88 685.12 313.266 409.125 259.757 645.243 413.196 357.652
276 902.204 303.327 1143.13 547.761 740.205 352.886 -1 -1 369.99 679.165 344.238 399.19 272.6 652.175 421.617 361.915
277 881.5 306.36 1106.01 526.579 722.289 360.867 -1 -1 408.182 672.636 372.587 388.508 287.39 658.171 432.429 365.673
278 864.245 307.918 1070.7 505.981 707.298 367.702 1254.04 788 441.88 662.12 396.574 375 303.419 660.977 445.365 367.154
279 849.407 308.259 1038.24 486.346 694.571 373.327 1225.31 761.061 470.86 649.78 417.063 360.156 319.581 661.023 459.377 366.075
280 835.327 308.436 1007.68 467.962 682.25 379 1198.47 736.546 497.374 637.929 435.905 345.968 335.556 660.933 473.436 364.964
281 819.897 308.586 979.689 450.515 668.896 384.479 1174.47 712.546 523.867 627.388 455.063 333.156 350.625 661.583 486.5 364.286
282 803.491 308.211 955.274 433.226 654.569 389.196 1154 689.5 549.632 618.084 474.328 321.951 364.17 662.979 497.614 363.965
283 787.115 307.984 932.663 417.558 640.288 393.712 1135.35 668.301 573.947 609.872 492.5 311.862 377.314 664.784 508.525 363.932
284 768.576 308.864 907.943 401.581 624.288 399.712 1114.76 645.756 600.5 601.622 512.5 301.138 392.585 667.321 521.197 364.705
285 751.571 310.016 877.41 385.171 609.611 407.611 1088.09 623.761 625.391 589.977 530.691 286.618 412.808 666.904 540.138 363.477
286 734.061 316.152 840.347 372.891 595.754 421.193 1055.05 604.864 650 580.663 548.327 272.436 439.218 667.855 565.783 365.435
287 717.5 327.378 799 365.309 583.082 439.672 1017.84 589.837 672.525 573.688 564 258.843 469.912 669.912 596.614 370.171
288 700.52 343.44 754.758 361.653 570.828 463.172 977.882 578 693.474 569.395 578.5 246.708 504.107 673.536 631.746 378.028
289 680.128 366.385 708.871 362.613 556.308 492.954 936.79 569.123 715.5 570 594 238.5 541.559 681.814 670 392
290 655.06 393.482 663.369 365.179 538.727 526.894 896.653 560.947 739.5 573.182 611.116 232.116 581.068 693.525 710.467 410.147
291 630.6 418.741 622.975 366.321 521.435 558.783 861.5 552.895 760.279 575 626.325 226.025 617.984 703.645 749.04 426.4
292 603.705 436.42 588.387 360.04 501.549 584.155 831.803 539.324 781.825 571.561 642.82 216.59 651.762 709.81 785.039 436.553
293 574.656 442.882 562.451 345.62 478.297 599.905 810.261 519.797 803.862 562.707 660.333 204.778 680.151 711.939 815.329 439.244
294 542.337 443.867 542.765 327.809 451.727 610.545 794.397 498 827.222 552.704 679.447 192.921 705.2 713.5 841.405 439.321
295 508.959 442.959 527.692 310.708 423.59 619.205 782.492 476.723 850.585 543.679 698.865 182.892 728.1 716.414 864.854 439.562
296 472.786 444.728 513 295.806 393.494 630.063 771.017 457.383 874.78 537.16 719.167 174.194 752.56 721.973 889.957 443.149
297 432.604 448 498.241 282.155 360.082 643.082 759.237 438.136 900.529 531.431 740.515 166.606 779.649 729.519 917.878 449.224
298 391.157 451.889 485.655 269.621 325.329 656.2 749.393 420.214 926.283 526.826 761.697 160.091 806.612 739 945.932 457.01
299 346.08 455.593 474.118 256.98 287.253 669.379 740.5 401.852 953.375 522.583 784.5 154.294 835.369 750.024 975.5 466
300 304.479 454.453 461.523 241.614 252.242 679.505 730.385 382.75 976.289 513.911 803.967 144.4 863.817 754.451 1007.48 467.548
301 263.293 457.39 446.522 229.217 218.29 693.763 717.857 366.082 996.667 506.556 821.375 135.156 895.36 758.616 1044.38 470.75
302 219.39 467.423 432.024 221.667 183.043 713.745 705.702 353.936 1017.24 504 838.5 129.5 929.056 769.122 1084.12 482.632
303 173.126 482.378 418.632 217.474 146.053 737.526 694.556 343.933 1038.51 504.59 855.767 127.133 964.422 784.178 1125.96 501.308
304 124.047 501.605 405.939 215.697 107.096 764.66 684.116 336.116 1060.51 507.846 873.586 126.724 1002.11 803.989 1171.16 526.971
305 72.9535 524.395 394.379 216 66.6146 794.385 674.667 330 1082.94 513.194 891.5 128.214 1041.13 827.935 1218.99 558.363
306 27.8516 544.109 384.828 216.103 30.967 820.549 666.842 324.605 1101.61 517.515 906.154 129.385 1076.35 848.609 1263.6 586.994
307 -1 -1 378.84 214.32 -1 -1 662.216 317.676 1122.84 521.375 923.125 130.667 1110.43 871.587 -1 -1
308 -1 -1 382.48 207.76 -1 -1 666.028 307.917 1143.88 521.206 940.518 130.889 1131.18 889.894 -1 -1
309 -1 -1 392.833 200.042 -1 -1 676 297.735 1166.38 521.094 958.786 132.5 1142.05 908.916 -1 -1
310 -1 -1 409.5 193.125 -1 -1 692 288.735 1189.23 522.429 977.04 136.6 1141.91 929.881 -1 -1
311 -1 -1 430.519 189.407 -1 -1 711.818 282.818 1210.71 526.5 993.321 144.321 1130.74 952.854 -1 -1
312 -1 -1 453.3 188.533 -1 -1 733.5 280.5 1230.84 533.789 1008.25 155.321 1112.05 978.766 1259.55 693.812
313 -1 -1 475 188.5 -1 -1 754.028 278.917 1248.8 541.457 1020.5 166 1090.49 1002.73 1215.9 709.386
314 -1 -1 494.265 188.794 -1 -1 772.636 278.242 1263.95 548.432 1031.41 175.862 1068.41 1020.74 1173.44 721.765
315 -1 -1 514.158 190.053 -1 -1 791.636 279.242 1276.18 556.079 1039.1 186.517 -1 -1 1124.43 731.151
316 -1 -1 531.171 187.571 -1 -1 807.972 277.083 -1 -1 1045.68 192.321 -1 -1 1081.39 727.441
317 -1 -1 546.103 184.974 -1 -1 822.286 274.857 -1 -1 1052.37 197.367 -1 -1 1043.67 724.177
318 -1 -1 561.846 184.974 -1 -1 837.618 275.147 -1 -1 1058 205 -1 -1 1002.46 726.689
319 -1 -1 576.026 184.684 -1 -1 851.243 275.243 -1 -1 1061.52 210.897 -1 -1 963.988 723.204
320 -1 -1 586.128 182.128 -1 -1 861 274 -1 -1 1062.91 212.697 -1 -1 936.271 711.884
321 3.25 387.096 594.5 181 -1 -1 869 274.59 -1 -1 1059.97 214.088 -1 -1 910.172 696.457
322 26.4853 380.75 604.707 183.268 -1 -1 878.229 279.429 -1 -1 1051.76 217.576 -1 -1 877.65 679.144
323 58.7206 377.662 616.047 189.744 -1 -1 888.325 289.15 1277.7 571.652 1037.29 224.235 -1 -1 841.732 662.32
324 94.7429 376.171 627.891 198.37 19.4603 583.603 898.585 301.634 1257.08 577.98 1019.77 231.571 803.651 1016.17 806.546 646.222
325 133.42 374.609 638.426 207.319 55.0833 573.9 907.419 314.977 1228.5 582.5 998.229 237.571 770.325 994.163 777.239 625.915
326 176.588 374.5 647.816 218.184 95.6094 565.75 914.578 331.467 1193.14 586.625 971.139 242.611 738.301 967.715 752.914 603.715
327 222.452 375.233 656.712 230.712 138.677 558.446 921.244 350.444 1153.42 591.145 940.921 247.947 707.638 940.5 731.852 582.225
328 267.694 376.361 665.673 244.2 181.175 551.556 927.37 370.109 1112.71 595.339 909.757 252.757 680.173 914.309 713.923 562.513
329 313.611 376.792 676.102 257.949 223.226 543.726 934.702 390.936 1072 599.5 878.2 257.925 653.087 889.728 696.165 544.151
330 355.833 373.792 686.742 268.742 261.905 534.206 942.653 408.796 1033.13 600.433 848.816 260.684 628.5 865.12 680.341 524.024
331 392.521 367.944 696.113 275.468 294.431 523.523 949.5 422.5 999.242 597.419 822.8 260.075 608.398 841.323 668.388 503.276
332 424.514 363.814 706.266 283.125 322.952 514.371 957.073 436.345 969.627 596.776 800 261.756 590 823.293 656.387 488.144
333 454.116 360.942 719.912 292.838 349.113 505.597 968.105 451.439 942.971 600.059 779 266.756 569.923 811.077 640.737 478.182
334 480.061 356.258 737.3 301.3 371.355 495 983.017 465.172 919.944 604.338 761.5 273.818 547.867 802.089 621.293 470.131
335 504.8 351.338 758.764 310.764 392.288 483.542 1001.93 479.525 898 611 744.884 283.116 523 795.667 598.441 463.957
336 530.381 346.111 782.5 321 414.034 471.441 1022.93 495.525 874.107 618.373 726.708 293.5 497.272 789.272 574.786 457.583
337 557.083 340.5 807.59 331.679 436.611 458.611 1045 512.426 847.5 625 706.646 303.646 471.266 781.38 551.817 450.244
338 583.397 337.897 833.053 346.132 459.519 448.722 1067.09 532.908 819 635.464 685.431 316.471 446.918 775.918 530.628 446.474
339 610.474 334.877 857.899 360.203 482.769 438.788 1088.53 553.625 788.057 643.682 662.36 327.5 424.486 768.069 512.441 440.779
340 637.982 329.236 880.595 370.679 506.686 427.784 1107.35 572.25 754.865 645.775 637.431 333.471 405.712 755.712 499.064 430.317
341 666.611 322.759 901.747 380.621 531.75 417 1124.59 591.286 718.957 644.817 610.321 336.358 389.266 740.422 489.293 417.759
342 695.509 315.453 923.352 389.593 557.176 405.529 1142 610 681.947 641.128 582.107 337.536 374.274 724 481.038 403.962
343 724.462 308.115 948.784 399.907 582.46 393.46 1162.59 631.081 643.115 638.885 552.691 340.382 358.103 708.586 471.32 391.24
344 754.612 302.204 978.03 414.19 608.63 382.109 1186.56 656.91 601.031 639.765 520.95 345.95 340.845 694.948 460.553 380.872
345 786.857 295.429 1012.77 430.796 637.022 369.761 1215.4 686.679 553.951 640.476 485.138 352.5 322.208 680.528 448.791 369.744
346 817.022 288.8 1047.45 446.491 663.37 357.891 1243.84 716.386 508.175 639.883 450.138 357.5 305.6 666.6 438.921 359.105
347 845.143 281.81 1085.28 462.458 687.667 345.667 1275.47 746.558 463 639.767 416.047 363.766 288.574 653.957 427.848 349.152
348 867.455 273.955 1126.43 475.469 706.884 333.116 -1 -1 422.5 641 386.292 371.662 270.289 644.089 414.382 340.706
349 884.795 266.769 1171.11 488.114 721.619 320.905 -1 -1 384.965 645.46 360 383 249.929 637.952 397.935 334.581
350 899.243 259.027 1219.46 499.993 733.61 308.171 -1 -1 348.415 651.653 335.155 396.549 228.558 633.163 379.935 329.581
351 911.686 251.857 1272.53 512.357 743.895 295.789 -1 -1 310.311 660.557 310.703 413.095 205.233 630.186 359.889 325.852
352 922.294 247.794 -1 -1 752.722 285.778 -1 -1 269.246 677.954 285.705 436.487 180.865 631.297 338.179 326.143
353 931.862 247.552 -1 -1 760.676 278.853 -1 -1 224.83 704.704 259.987 467.337 155.333 636.556 315.69 330.897
354 938.273 249.045 -1 -1 766 274.735 -1 -1 184.979 734.579 238.768 498.561 133.028 644.083 295.065 337.677
355 -1 -1 -1 -1 771.156 266.625 -1 -1 145.041 754.524 217.405 522.81 111.265 646.206 276.036 338.393
356 -1 -1 -1 -1 777.367 254.633 -1 -1 105.304 759.453 194.5 536.5 92.1563 641.375 260.571 332.321
357 -1 -1 -1 -1 783.393 242.821 -1 -1 66.3421 761.092 171.744 547.689 74.6061 635.485 246.964 325.107
358 -1 -1 -1 -1 787.346 232.269 -1 -1 30.817 764.111 152.292 559.115 58.0313 630.969 233.806 319.355
359 -1 -1 -1 -1 789.482 225.889 -1 -1 3.58559 772.468 137.929 572.747 44.1563 630.375 222.367 317.367
360 -1 -1 -1 -1 789.4 222.04 -1 -1 -1 -1 129.28 587.12 32.7419 632.613 212.156 318.375
361 -1 -1 -1 -1 784.667 220.875 -1 -1 -1 -1 129.34 604.84 21.1563 639.375 200.818 322.727
362 -1 -1 -1 -1 774.125 217.208 -1 -1 -1 -1 141 617.822 8.1 646.033 186.895 325.211
363 -1 -1 -1 -1 757.708 213.292 -1 -1 2.5814 820.791 166.317 623.212 -1 -1 173.375 326.1
364 -1 -1 -1 -1 736.5 212 -1 -1 44.7927 823.326 203.476 624.951 -1 -1 161.075 328.8
365 -1 -1 -1 -1 712.367 213.633 -1 -1 109.518 825.08 251.048 622.524 -1 -1 151.667 334
366 857.318 204.682 -1 -1 685.875 220.219 -1 -1 186.683 831.576 304.895 619.571 -1 -1 145.178 344.356
367 826.346 213 -1 -1 657.688 231.469 -1 -1 270.235 848.24 361.762 620.842 -1 -1 139.729 361.375
368 793.719 225.344 -1 -1 628.355 246.742 -1 -1 357.711 871.799 419.856 624.835 -1 -1 135.615 384.25
369 759.788 236.545 -1 -1 597.844 261.375 -1 -1 445.619 894.569 477.179 628.8 5.21951 780.219 129.642 407.679
370 731.606 241.515 -1 -1 571.844 270.375 -1 -1 520.744 896.433 524.516 621.681 13.3056 801.5 127.351 421.754
371 706.892 243.865 -1 -1 549.029 277.618 -1 -1 586.944 884.813 564.956 606.813 25.9091 815.545 130.333 430.439
372 684.947 245.342 -1 -1 529 284 -1 -1 643.819 866.782 599.054 587.913 -1 -1 137.742 435.742
373 665.718 245.103 1262.77 395.583 511.27 288.892 -1 -1 691.408 846.068 628 568.151 -1 -1 146.029 438.059
374 648.2 244.075 1236 379.795 495.128 292.128 -1 -1 732 828.032 653.146 551.674 -1 -1 152.235 439.5
375 631.5 243.2 1213.11 366.568 479.514 295.324 -1 -1 769.195 814.346 676.747 538.621 -1 -1 156.324 441.803
376 614.581 241.977 1191.83 352.739 463.8 297.925 -1 -1 805.35 800.158 700.059 525.518 -1 -1 160.027 443.44
377 596.756 240 1170.7 338.5 447 300 -1 -1 842.039 785.017 723.714 511.702 -1 -1 163.566 444.513
378 577.884 239.442 1149.29 326.229 429.098 303.732 -1 -1 879.331 773.663 748.145 500.277 -1 -1 166.988 448.481
379 558.667 241 1128.15 316.63 411.667 309 -1 -1 915.204 765.877 771.488 490.683 -1 -1 171.212 454.965
380 537.63 245.109 1105.84 309.591 392.381 317.095 -1 -1 953.239 763.394 796.091 484.182 -1 -1 175.571 466.69
381 517.646 247.646 1081.84 300.591 374.262 324.214 -1 -1 985.923 752.713 817.605 471.474 -1 -1 185.411 473.611
382 496.5 252.87 1052.41 292.756 355.523 335.136 -1 -1 1015.82 740.955 837.181 456.389 184.463 911.06 204.021 483.052
383 474.4 261.6 1019.56 287.651 336.5 350 -1 -1 1042.81 731.537 855.044 441.294 217.571 923.351 228.602 495.981
384 450.5 272.5 984.605 283.744 316.574 367.468 1246.57 443.837 1068.15 723.235 872 426.185 255.671 936.468 258.371 511.952
385 425 285.077 949.318 280.977 295.348 387 1210.32 433.809 1092.62 716.058 888.286 412 296.925 951.563 291.315 530.378
386 399.5 298.5 916.163 279.279 274.438 407.25 1176.57 425.17 1114.27 710.979 903.067 399.6 338.047 967.128 325 550.525
387 373 312.679 884.171 277.829 252.63 428.109 1144.95 417.068 1135.79 707.19 917.691 388.618 379.414 984.483 359.288 572.816
388 347.345 316.293 862.325 268.325 229.5 438.36 1124.13 402.957 1160.1 696.037 935.547 375.566 408.656 995.484 381.647 582.91
389 320.491 314.211 846.553 255.447 204.5 442.64 1110.33 385.822 1189.1 683.544 956.686 363.784 430.184 1007.09 394.107 589.171
390 293.103 309.414 833.861 241.056 178.275 444.275 1099.36 367.091 1219.48 669.901 979.3 352.02 448.906 1018.57 402.788 593.126
391 265.721 302.131 821.838 224.973 151.137 443.922 1089.03 347.325 1249.67 653.222 1001.78 338.16 -1 -1 411.957 593.146
392 235.295 294.803 808.914 208.8 121.62 443.9 1078.38 326.952 -1 -1 1025.75 324 -1 -1 422.506 594.028
393 202 287.5 796.576 192.667 88.4615 444.385 1068 306.5 -1 -1 1052.35 310.646 -1 -1 432.365 598.375
394 167 280.714 784.324 177.588 53.5283 445.34 1058 286.5 -1 -1 1079.57 298.152 -1 -1 442.687 605.364
395 131 279.5 772.25 167.438 18.549 450.941 1047.55 270.95 -1 -1 1105.77 290.447 -1 -1 454.521 624.975
396 96 275.574 759.433 155.333 -1 -1 1036.23 254.571 -1 -1 1129.57 279.152 -1 -1 472.093 637.97
397 64.2344 266.953 744.8 140.467 -1 -1 1022.86 236.611 -1 -1 1147.17 260.952 -1 -1 502.358 631.773
398 35 255.574 727.375 123.5 -1 -1 1006.09 218.314 -1 -1 1159.02 237.585 -1 -1 547.04 610.178
399 7.73438 239.406 709.125 103.844 -1 -1 988.514 198.257 -1 -1 1166.9 209.282 -1 -1 600.118 570.905
400 -1 -1 689.419 83.7419 -1 -1 969.316 178.184 -1 -1 1172.23 179.846 -1 -1 662.22 524.375
401 -1 -1 667.452 66.4194 -1 -1 947.892 160.865 -1 -1 1175.72 152.077 816.764 1021.33 734.799 483.604
402 -1 -1 644.844 51.625 -1 -1 925.842 145.789 -1 -1 1177.76 126.974 870.34 997.694 812.917 447.153
403 -1 -1 622.414 36.8621 -1 -1 903.763 131.026 -1 -1 1180.11 102.778 924.986 970.567 895.159 411.03
404 -1 -1 602.344 21.625 -1 -1 884 116 -1 -1 1181.5 78.5 972.609 937.711 971.344 366.444
405 -1 -1 587.207 2 -1 -1 869.371 97.4286 -1 -1 1185 51.9063 1008.07 896.823 1032.02 303.207
406 -1 -1 -1 -1 -1 -1 856.872 78.1282 -1 -1 1189.5 25.5 1040.18 855.109 1088.03 235.48
407 -1 -1 -1 -1 -1 -1 844.667 60.7778 -1 -1 -1 -1 1069.32 814.071 1141.96 169.609
408 -1 -1 -1 -1 -1 -1 833.405 45.8378 -1 -1 -1 -1 1094.65 777.53 1190.79 111.546
409 -1 -1 -1 -1 -1 -1 823.921 35.6316 -1 -1 -1 -1 1115.76 750.822 1233.04 69.9464
410 -1 -1 -1 -1 -1 -1 815.184 31.3158 -1 -1 -1 -1 1132.3 735.613 1266.69 50.7784
411 -1 -1 -1 -1 -1 -1 804.184 29.3158 -1 -1 -1 -1 1150.88 721.329 -1 -1
412 -1 -1 -1 -1 -1 -1 792.026 26.1282 -1 -1 -1 -1 1170.84 703.772 -1 -1
413 -1 -1 -1 -1 -1 -1 779.833 22.5 -1 -1 -1 -1 1187.77 682.746 -1 -1
414 -1 -1 -1 -1 -1 -1 768.316 19.1842 -1 -1 -1 -1 1198.05 660.109 -1 -1
415 -1 -1 -1 -1 -1 -1 758.5 18 -1 -1 -1 -1 1205.29 643.042 -1 -1
416 -1 -1 -1 -1 -1 -1 747.789 19.1579 -1 -1 -1 -1 1213.49 630.809 -1 -1
417 -1 -1 -1 -1 -1 -1 734.923 23.4615 -1 -1 -1 -1 1221.55 621.455 -1 -1
418 -1 -1 -1 -1 -1 -1 719.2 26.925 -1 -1 -1 -1 1226.87 604.126 -1 -1
419 -1 -1 -1 -1 -1 -1 703.558 29.8837 -1 -1 -1 -1 1229.92 585.283 -1 -1
420 -1 -1 -1 -1 -1 -1 684.5 31.0476 1257.81 241.938 -1 -1 1235.01 561.576 -1 -1
421 -1 -1 -1 -1 -1 -1 663.636 32.9545 1235.19 239.188 -1 -1 1243.93 539.564 -1 -1
422 -1 -1 -1 -1 -1 -1 640.116 36.1163 1212.69 238.25 -1 -1 1255.5 520.583 -1 -1
423 -1 -1 -1 -1 -1 -1 613.932 41.9545 1189.5 239.5 -1 -1 1269.57 505.035 -1 -1
424 -1 -1 -1 -1 -1 -1 583.689 48.0222 1162.69 239.897 -1 -1 1277.73 485.919 -1 -1
425 -1 -1 -1 -1 -1 -1 553.109 51.3696 1134.84 236.625 -1 -1 -1 -1 -1 -1
426 -1 -1 -1 -1 -1 -1 525.694 54.2857 1110.5 233.143 -1 -1 -1 -1 -1 -1
427 -1 -1 -1 -1 -1 -1 499.021 58.625 1086.5 231 -1 -1 -1 -1 -1 -1
428 -1 -1 -1 -1 -1 -1 475.62 65.26 1063 230.222 -1 -1 -1 -1 -1 -1
429 -1 -1 -1 -1 -1 -1 455.216 74.3137 1038.5 231 -1 -1 1273.05 395.568 -1 -1
430 -1 -1 -1 -1 -1 -1 437.547 87.434 1012.59 234.074 -1 -1 1252.81 388.56 -1 -1
431 -1 -1 -1 -1 -1 -1 424.286 102.5 986.5 238 -1 -1 1226.8 384.25 -1 -1
432 -1 -1 -1 -1 29.7589 730.957 416.475 113.932 961 238.069 -1 -1 1193.98 375.4 -1 -1
433 67.6867 98.4621 -1 -1 103.032 701.976 414.5 122 937 235.5 -1 -1 1157.9 365.087 -1 -1
434 161.856 85.9046 -1 -1 175.369 671.184 413.569 130.492 912.5 232.5 -1 -1 1121.62 354.744 -1 -1
435 245.728 72.3258 -1 -1 240.522 643.964 410.941 137.971 888.879 229.121 -1 -1 1090.56 344.481 -1 -1
436 317.176 60.9193 -1 -1 297.235 624.068 405.375 144.625 867.424 225.576 -1 -1 1066.65 334.688 -1 -1
437 383.173 57.9883 -1 -1 351.433 614.748 396 154 846.5 224.5 -1 -1 1048.01 327.625 -1 -1
438 450.343 64.8721 -1 -1 407.769 614.1 384.026 167.442 825 226 -1 -1 1031.99 323.565 -1 -1
439 524.831 73.2464 -1 -1 469.076 611.743 371.885 183.333 801.629 228.143 -1 -1 1013.84 319.929 -1 -1
440 598.236 70.5306 -1 -1 527.333 600.528 361.313 195.35 778.972 226.917 -1 -1 994.97 313.061 -1 -1
441 665.608 64.7211 -1 -1 579.905 585.65 353.012 205.442 757.972 224.917 -1 -1 976.446 306.123 -1 -1
442 723.658 57 -1 -1 623.798 564.706 351.807 214.398 739.314 222.686 -1 -1 956.016 300.889 -1 -1
443 769.732 48.9458 -1 -1 658.225 543.169 354.468 221.915 723.972 220.917 -1 -1 936.839 296.758 -1 -1
444 818.161 46.7117 -1 -1 694.771 524.349 357.823 233.417 706.324 220.588 -1 -1 916.18 294.574 -1 -1
445 870.15 51.1225 -1 -1 734.519 505.923 364.673 250.923 686.081 222.541 -1 -1 891.867 295.083 1171.4 5
446 920.384 57.9698 -1 -1 772.908 486.357 376.288 272 663.872 226.128 -1 -1 864.421 297.281 1136.79 12.5769
447 964.981 58.9014 -1 -1 806.665 460.927 393.505 292.055 640.925 228.05 -1 -1 834.309 298.382 1099.42 17.72
448 1003.6 51.0567 -1 -1 835.544 429.29 415.017 308 618 226.756 -1 -1 802.897 296.586 1061.8 18.1569
449 1037.92 43.6971 -1 -1 861.629 401.34 436.363 323.589 595.8 225.2 -1 -1 774.055 294.727 1027.94 18.5
450 1072.54 33.2745 -1 -1 888.257 375.169 453.405 337.511 573.116 222.116 -1 -1 748.5 291 999.188 16.3542
451 1106.27 22.4324 -1 -1 914.175 352.867 465.078 349.383 552.116 218.116 -1 -1 727.615 285.75 976.391 12.9783
452 1138.61 16.1565 -1 -1 939.774 334.613 476.656 365.166 530.279 216.07 -1 -1 707.529 282.431 955.213 11.9362
453 1171.41 15.8592 -1 -1 965.672 320.519 489.585 387.591 506.783 216.565 -1 -1 687.529 281.431 933.333 14.0444
454 1202.83 18.5338 -1 -1 990.492 308.581 505.124 414.653 481.867 218.556 -1 -1 666.83 281.979 911.429 17.7143
455 1230.03 16.8305 -1 -1 1011.88 293.669 523.94 439.137 457.886 218.795 -1 -1 646.217 281.087 889.279 19.2791
456 1253.03 7.84211 -1 -1 1029.44 275.605 542.34 455 436.702 215.043 -1 -1 627.681 277.426 870.158 16.6053
457 1269.77 2.29577 -1 -1 1042.55 259.617 562.514 469.558 418.087 212 -1 -1 610.909 274.636 852.842 14.6053
458 -1 -1 -1 -1 1049.5 243.696 592.786 485.288 400.063 210.167 -1 -1 591.636 273.909 831.973 13.9459
459 -1 -1 -1 -1 1047.68 230.083 630.101 497.864 386.314 209.784 -1 -1 572.977 275.419 811.18 14.8462
460 -1 -1 -1 -1 1041.87 218.471 671.047 509.73 374.453 210.566 -1 -1 554.545 278.25 790.667 16.7692
461 -1 -1 -1 -1 1034.05 207.69 716.673 522.522 362.611 212.389 -1 -1 534.977 282.419 768.842 19.6053
462 -1 -1 -1 -1 1022.79 197.348 767.955 534.191 351.614 214.702 -1 -1 514.523 287.864 745.167 23.0476
463 -1 -1 -1 -1 1007.15 184.319 829.393 541.968 341.351 216.088 -1 -1 490.667 293 718.182 25.1818
464 -1 -1 -1 -1 989.875 173.909 889 547.675 333.39 218.475 -1 -1 468.289 299.444 692.8 28.8889
465 -1 -1 793.413 3.16084 972.728 164.556 946.98 552.921 326.254 221.333 -1 -1 446.558 306.163 667.818 32.1818
466 -1 -1 858.267 5.65992 957.449 154.038 1005.18 556.111 318.116 222.58 -1 -1 424.326 311.837 642.86 34.2558
467 -1 -1 919.977 6.6391 944.211 142.915 1061.69 557.968 309.211 222.282 -1 -1 402.419 315.977 618.721 34.9302
468 -1 -1 982.739 9.87789 932.235 132.765 1120.07 562.825 298.56 222.973 -1 -1 379.905 320.643 593.911 36.7111
469 -1 -1 1050.86 19.027 920.388 123.567 1184.34 571.936 285.152 225.557 -1 -1 354.884 326.884 567 40
470 -1 -1 1122.41 29.1922 907.302 114.683 1254.55 581.21 270.86 229.174 -1 -1 328.024 334.415 537.884 43.8837
471 -1 -1 1193 31.9538 892.5 103.65 -1 -1 258.237 229.624 183.791 3.23881 300.024 340.415 508 45.5
472 -1 -1 1254.47 31.7787 880.603 93.3966 -1 -1 246.122 228.816 179.558 15.6623 275.419 344.977 482.14 46
473 -1 -1 -1 -1 866.564 85.6727 -1 -1 237.452 230.173 179.405 30.9286 251.674 351.163 456.756 48
474 -1 -1 -1 -1 848.526 80.0702 -1 -1 235.925 232.925 186.542 47.2892 229.442 359.116 432.07 50.7209
475 -1 -1 -1 -1 829.382 77.3091 -1 -1 241.453 237.385 199.629 62.9663 211.116 368.116 411 54.5
476 -1 -1 -1 -1 807.843 75.9804 -1 -1 254.702 242.496 219.247 77.9462 195.5 378 392 58.5
477 -1 -1 -1 -1 785.12 74.58 -1 -1 274.467 245.656 243.753 89.8247 182.116 387.116 375 61.087
478 -1 -1 -1 -1 761.25 73.3846 -1 -1 298.382 248.137 271.333 100.604 169.067 396.444 357.979 63.1702
479 -1 -1 -1 -1 733.24 71.24 -1 -1 329.328 249.343 305.446 110.99 154.327 406.429 338.36 64.5
480 -1 -1 -1 -1 707.176 70.3922 -1 -1 362.42 251.371 339.829 120.543 142.292 416.5 321.288 66.2885
481 -1 -1 -1 -1 682.36 69.5 -1 -1 395.635 253.115 373.037 129.355 130.096 426.385 304.453 67.566
482 -1 -1 -1 -1 658.796 67.4286 -1 -1 427.682 252.747 404.944 136.593 117.5 435.148 287.069 67.8793
483 -1 -1 -1 -1 637.191 64.6383 -1 -1 458.767 250.925 435.037 142.459 104.574 442.722 269.918 67.1148
484 -1 -1 -1 -1 614.571 63.3265 -1 -1 493.421 251.622 467.574 150.539 91.1754 452.561 251.5 68
485 -1 -1 -1 -1 590.702 63.2979 -1 -1 531.582 255.194 502.897 161.181 77.3 465.067 232.111 70.746
486 -1 -1 -1 -1 567.087 64.0217 -1 -1 571.591 260.614 538.63 173.462 62.8226 478.952 211.422 74.5625
487 -1 -1 -1 -1 542.396 65.4583 -1 -1 616.536 266.713 577.394 185.953 47.8226 494.306 189.941 78.9706
488 -1 -1 -1 -1 515.978 63.5778 -1 -1 667.479 264.925 619.612 191.07 33.7941 506.074 168.653 77.9583
489 -1 -1 -1 -1 494.574 61.6809 -1 -1 709.963 263.102 654.543 196.116 19.7857 516.114 148.905 76.973
490 -1 -1 -1 -1 471.234 63.5532 -1 -1 759.267 266.687 692.789 202.188 10.8592 529.986 132.354 79.3924
491 -1 -1 -1 -1 448 67 -1 -1 809.321 269.923 730.071 204.102 9.36842 542.868 122.402 81.5122
492 -1 -1 -1 -1 428.5 71 -1 -1 850.665 271.649 759.782 201.185 15 552 120.172 82.4943
493 -1 -1 -1 -1 410.283 76.7826 -1 -1 888 275.084 786.474 197.474 25.5732 561.402 122.853 84.7474
494 -1 -1 -1 -1 392.271 83.625 -1 -1 922.799 278.544 810.752 192.186 40.1379 570.276 129.347 87.0316
495 -1 -1 -1 -1 374.362 89.8085 -1 -1 954.497 279.35 833 183.741 57.9438 576.528 139.394 87.4615
496 -1 -1 -1 -1 355.9 94.82 -1 -1 983.48 274.421 853.832 168.921 81.3021 577.833 155.5 83
497 -1 -1 -1 -1 339 101.5 -1 -1 1007.37 272.2 870.765 156.031 107.37 579.93 174.852 80.5826
498 -1 -1 -1 -1 319.907 108.611 -1 -1 1033.1 270.397 889.505 143.763 133.725 583.196 194.033 78.4628
499 -1 -1 -1 -1 300.073 113.655 -1 -1 1059.62 267.413 909.323 133.14 154.99 586.913 207.829 74.8372
500 -1 -1 -1 -1 278.691 119.618 -1 -1 1088.42 266.744 930.791 125.846 174.112 593.972 218.622 73.363
501 -1 -1 -1 -1 254.814 128.441 -1 -1 1120.25 270.099 954.105 121.477 194.983 605.675 229.14 75.993
502 -1 -1 -1 -1 228.768 137.607 1274.18 145.05 1154.1 274.368 978.711 118.542 216.114 620.398 238.98 79.6689
503 -1 -1 -1 -1 201.421 146.491 1252.81 136.746 1188.84 277.832 1004.35 115.532 236.543 635.814 247.135 83.0819
504 335.5 0.909091 -1 -1 170.75 153.4 1231.23 125.607 1225.79 276.787 1031.65 109.308 259.08 649.109 256.22 81.4802
505 -1 -1 -1 -1 139.15 156.05 1212.77 110.66 1262.48 269.722 1059.85 99 280.042 657.882 263.861 72.5155
506 -1 -1 -1 -1 111.733 159.133 1195.91 98.717 -1 -1 1082.44 89.6494 301.333 665.122 273.646 63.966
507 -1 -1 -1 -1 85.5 165.5 1175.62 90.1 -1 -1 1100.1 80.9014 330.479 672.689 292.937 59.276
508 -1 -1 -1 -1 60.8871 174.403 1153.44 83.5 -1 -1 1113.45 72.8028 364.552 680.058 319.548 57.0783
509 -1 -1 -1 -1 37.7742 184.048 1131.78 78.449 -1 -1 1124.44 65.4265 399.951 687.131 348.663 56.0165
510 -1 -1 -1 -1 14.9048 195.206 1109.8 74.6735 -1 -1 1133.37 58.5846 438.323 694.672 382.519 56.7154
511 149.105 1.73684 -1 -1 -1 -1 1087.06 71.5532 -1 -1 1140.23 51.6721 480.063 701.047 421.993 58.0409
512 124.58 3.88406 -1 -1 -1 -1 1064 68.913 -1 -1 1144.98 44.2931 524.036 705.482 466.518 59.1809
513 96.8529 5.04412 -1 -1 -1 -1 1038.56 63.9333 -1 -1 1149.21 33.1786 574.159 705.005 520.351 54.4831
514 70.9559 4.75 -1 -1 -1 -1 1014.95 58.6364 -1 -1 1151.61 21.3889 621.463 700.794 574.592 46.8576
515 44.9851 6.43284 -1 -1 -1 -1 992.205 55.1136 -1 -1 1153.63 12.1765 668.296 699.537 629.606 43.5268
516 15.9855 8.81159 -1 -1 -1 -1 970.426 51.6809 -1 -1 1157.23 3.91667 716.473 700.212 686.676 41.0879
517 -1 -1 -1 -1 -1 -1 950.636 47.0909 -1 -1 -1 -1 763.052 701.697 742.311 36.8343
518 -1 -1 -1 -1 -1 -1 933.116 43.1163 -1 -1 -1 -1 806.114 703.143 795.219 32.7917
519 -1 -1 -1 -1 -1 -1 915.048 41.5 -1 -1 -1 -1 851.535 708.165 853.061 35.5435
520 -1 -1 -1 -1 -1 -1 897 41.2439 -1 -1 -1 -1 895.756 711.913 913.436 40.9413
521 -1 -1 -1 -1 -1 -1 878.585 36.9756 -1 -1 -1 -1 938.179 703.221 976.629 30.5122
522 -1 -1 -1 -1 -1 -1 863.053 29.9211 -1 -1 -1 -1 977.335 692.584 1035.17 11.5966
523 -1 -1 -1 -1 -1 -1 849.45 27.1 -1 -1 -1 -1 1009.61 687.094 1085.68 6.8012
524 -1 -1 -1 -1 -1 -1 835.025 27.325 -1 -1 -1 -1 1035.65 678.361 1132.37 6.0231
525 -1 -1 -1 -1 -1 -1 822.925 29.2 -1 -1 -1 -1 1048.36 664.634 1161.7 5.14943
526 -1 -1 -1 -1 -1 -1 815.829 32.1951 -1 -1 -1 -1 1044.63 650.631 1166.08 5.43182
527 -1 -1 -1 -1 -1 -1 811.116 37.1163 -1 -1 -1 -1 1033.66 638.54 1158.82 8.3239
528 -1 -1 -1 -1 -1 -1 807.5 43 -1 -1 -1 -1 1019.58 627.563 1146.65 15.5894
529 -1 -1 -1 -1 -1 -1 805 47.5 -1 -1 -1 -1 1001.67 612.121 1130.18 16.1886
530 -1 -1 -1 -1 -1 -1 805.289 52.0889 1265.29 253.089 -1 -1 982.796 601.291 1109.77 18.8333
531 -1 -1 -1 -1 -1 -1 804.191 56.3617 1245.91 252.261 -1 -1 965.213 588.66 1092.79 19.3636
532 -1 -1 -1 -1 -1 -1 801.286 59.4898 1227.33 250.239 -1 -1 952.274 574.212 1082.95 16.4575
533 -1 -1 -1 -1 -1 -1 797.431 62.4706 1208.9 248.146 -1 -1 941.482 560.441 1075.84 13.5763
534 10.6195 22.9735 -1 -1 -1 -1 792.769 67.8462 1187.63 247.979 -1 -1 929.475 548.198 1067.57 15.5644
535 42.5862 26.0776 -1 -1 -1 -1 786.5 75.5 1162.5 248.875 -1 -1 916.475 535.316 1059.27 20
536 78.4274 28.3952 -1 -1 -1 -1 778.526 83.9298 1133.7 248.936 -1 -1 903.302 520.242 1052.36 22.5596
537 117.62 23.3333 -1 -1 19.7769 367.545 770.15 88.85 1103.35 244.229 -1 -1 889 498.915 1044.84 16.0809
538 153.015 14.7803 -1 -1 54.4252 360.622 761 91.5738 1075.38 237.9 -1 -1 877.739 477.112 1040.56 6.3
539 193.971 9.41177 -1 -1 93.5077 353.585 755.03 96.8788 1047.27 233.4 -1 -1 861.696 459.576 1029.1 3.3301
540 239.302 5.79137 -1 -1 135.735 344.28 755.329 104.429 1019.69 231.061 -1 -1 839.073 446.532 1007.69 2.74699
541 282.557 5.49286 -1 -1 175.023 334.523 761.486 113.857 996.163 231 -1 -1 813.479 439.453 980.871 4.28448
542 324.725 7.56522 -1 -1 213.086 325.148 772.099 124.901 973.68 232.84 -1 -1 785.541 436.037 950.256 9.768
543 366.606 9.34091 -1 -1 250.024 313.544 787.11 136.767 952.018 234.855 -1 -1 754.604 434 916.059 15.8898
544 406.071 9.24603 -1 -1 284.5 299.593 806.463 147.7 931.434 236.057 -1 -1 721.553 432.117 879.381 20.2301
545 443.239 4.41593 -1 -1 315.655 280.586 830.402 155.439 911.527 233.782 -1 -1 686.1 427.79 840.443 19.783
546 478.469 0.90625 -1 -1 345.103 261.065 855.011 161.92 891.35 230.383 -1 -1 651.856 422.34 803.75 17.4423
547 -1 -1 -1 -1 375.676 243.287 880.193 170.398 868.887 227.597 -1 -1 618.175 417.247 768.859 16.6061
548 -1 -1 -1 -1 408.049 226.475 907.115 180.979 842.641 225.391 -1 -1 584.352 412.33 734.768 16.5263
549 -1 -1 -1 -1 439.959 212.959 932.97 194.03 815 224.688 -1 -1 553.5 408.605 708.915 9.5628
550 -1 -1 -1 -1 471.438 203.494 957.99 211.099 786.104 227 -1 -1 525.5 407.395 677.869 24.1786
551 -1 -1 -1 -1 503.241 196.552 983.886 232.01 754.925 231.716 -1 -1 498.5 408 652.625 32.0375
552 691.447 1.34211 -1 -1 533.571 190.345 1010.45 253.982 722.986 236.771 -1 -1 473.218 408.423 629.443 39.3038
553 725.758 1.21212 -1 -1 564.321 179.595 1039.21 272.908 688.457 236.857 -1 -1 447.868 404.5 607.153 41.375
554 -1 -1 -1 -1 591.557 166.848 1068.72 287.504 655.652 233.696 -1 -1 424.264 398.167 586.806 40.0556
555 -1 -1 -1 -1 618.205 153.41 1101.65 302.912 621.486 229.643 -1 -1 400.162 391.75 566.188 37.7969
556 -1 -1 -1 -1 642.247 138.364 1141.81 317.088 586.69 224.592 -1 -1 373.934 385.459 543.164 34.7377
557 -1 -1 -1 -1 662.648 125.887 1183.4 332.917 554.175 221.425 -1 -1 349 381.5 520.932 33.8305
558 -1 -1 -1 -1 682.246 117.232 1223.43 352.901 521.176 222.129 440.911 2.08889 326.897 380.414 501.564 35.9091
559 -1 -1 -1 -1 701.059 111.971 1262.64 377.405 488.044 225.934 412.974 11.5584 307 381.321 484.436 40.7455
560 -1 -1 1101.77 2.19178 719.938 107.844 -1 -1 452.947 231.526 383.759 24.2651 287.642 382.679 467.596 46.4808
561 -1 -1 1150.39 4.91875 739.525 99.9322 -1 -1 415.853 230.695 352.482 31.3614 269.5 379.64 453 46.913
562 -1 -1 1197.72 3.0198 756.719 88.5789 -1 -1 381.818 224.222 322.779 32.3023 252.84 373.26 440 43
563 -1 -1 -1 -1 774.466 78.8966 -1 -1 349.941 216.97 294.404 29.9663 241.646 365.646 432.75 38.4167
564 -1 -1 -1 -1 791.561 74.1754 -1 -1 324.149 213.584 269.466 27.6932 237.913 360 432.091 36.4773
565 -1 -1 1273.39 2.27536 807.22 75.1186 -1 -1 304.686 215.578 249.831 27.4719 239.563 357.25 436.311 38.0222
566 -1 -1 1273.63 7.14881 821.525 79.0678 -1 -1 290.796 219.571 234.529 27.2874 245.279 355.93 444.045 40.9318
567 -1 -1 1268.72 14.0983 833.286 83.5 -1 -1 282.137 223.453 223.793 26.2989 252.689 354.733 452.884 43.1163
568 -1 -1 1256 17.375 843.864 87.2373 -1 -1 277.271 224.927 215.929 22.2941 261.364 352.045 463.045 43.9318
569 -1 -1 1235.51 16.7273 854.475 90.9322 -1 -1 275.902 224.663 210.802 15.2593 272.667 348.333 476 43
570 -1 -1 1208.34 15.722 864.683 95.2167 -1 -1 276.921 224.292 207.3 7 286.095 344.357 490.721 42.0698
571 -1 -1 1184.37 11.4785 876.597 97.8871 -1 -1 275.92 221.632 -1 -1 298.419 338.977 504.884 39.8837
572 -1 -1 1164.19 5.495 888.469 98.8438 -1 -1 273.802 218.21 -1 -1 308.762 333.143 517.023 36.5814
573 -1 -1 1141.06 2.824 900.469 100.938 1273.9 558.137 272.422 215.554 -1 -1 319.884 327.884 529.932 34.0455
574 -1 -1 1109.96 1.93548 913.043 105.551 1242.09 562.235 273 214.618 -1 -1 333.19 323.595 545.071 32.8095
575 -1 -1 1071.99 1.40278 926.217 111.899 1201.54 566.564 275.385 214.872 -1 -1 349.025 319.325 562.585 32.0244
576 -1 -1 1028.17 0.942308 941.083 119.403 1155.93 571.178 278 215 -1 -1 366.244 315 581.929 31.1905
577 -1 -1 -1 -1 958.845 125.141 1106.79 572.659 280.702 212.209 -1 -1 384.175 308.225 602.8 28.075
578 -1 -1 -1 -1 975.592 131.158 1057.97 573.467 283.881 210 -1 -1 401.872 302.128 623 25.2439
579 -1 -1 -1 -1 991.026 138.558 1002.54 569.398 291.016 207.75 -1 -1 421.976 295.878 645.219 22.1463
580 -1 -1 -1 -1 1004.27 147.386 942.022 559.482 302.559 205.186 -1 -1 444.05 289.925 669.81 18.9286
581 -1 -1 -1 -1 1011.77 159.791 886.828 550.551 316.667 206.439 -1 -1 465 287.59 692.644 18.4222
582 -1 -1 -1 -1 1015.46 176.132 834.263 542.61 333.138 210.5 -1 -1 486.667 288 710.803 8.91579
583 -1 -1 -1 -1 1016.02 194.258 780.802 530.806 352.611 214.389 -1 -1 510.2 288.925 740.045 23.0682
584 1233.18 2.94872 -1 -1 1014.59 213.404 728.154 515.158 374.259 217.537 -1 -1 535.279 289.07 766.833 24.6667
585 1230.42 7.20536 -1 -1 1012.35 232.61 675.774 496.095 396.694 219.061 -1 -1 561.976 288.585 795.07 24.7209
586 1228.33 10.7016 -1 -1 1010.86 251.509 624.614 475.748 418.25 219 -1 -1 589.07 286.279 825.071 23.1905
587 1227.14 17.6241 -1 -1 1010.08 273.569 575.66 460.168 438.229 220.917 -1 -1 616.75 285.795 855.488 23.4186
588 1231.85 28.0338 -1 -1 1014.14 300.214 524.273 449.92 455.5 223.87 -1 -1 645.444 285.067 888.071 25.1905
589 1246.65 42.5062 -1 -1 1025.8 330.833 471.534 447.159 467.884 227.884 -1 -1 673.5 285 920.905 28.6429
590 1269.4 65.0674 -1 -1 1043.89 366.919 419.174 453.459 476 234.756 -1 -1 700.419 287.023 952.786 35.2143
591 -1 -1 40.2827 14.3755 1067.48 410.671 365.564 466.969 481.2 244.075 -1 -1 727.167 291.048 984.744 45.7436
592 -1 -1 -1 -1 1095.12 459.109 312.783 484.522 484.706 254.5 -1 -1 752.756 296 1016 57.4103
593 -1 -1 -1 -1 1124.47 507.654 262.542 500.098 487.5 263.5 -1 -1 777.071 299.81 1045.87 68.1282
594 -1 -1 -1 -1 1149.46 551.195 221.415 511.776 490.5 270.5 -1 -1 797.872 302.872 1071.83 76.5
595 -1 -1 -1 -1 1166.48 588.54 189.465 516.676 495.5 275.5 -1 -1 816.158 305.211 1094.7 82.7297
596 -1 -1 -1 -1 1175.67 617.529 165.936 513.064 502.667 276.8 -1 -1 832.5 305.675 1115 85
597 -1 -1 -1 -1 1173.64 634.101 154.083 501.218 511.548 275.419 -1 -1 845.2 304.075 1131.11 83.1143
598 -1 -1 -1 -1 1156.8 639.071 154.652 481.409 523.5 271.5 -1 -1 855.359 301.897 1143.59 78.3235
599 -1 -1 -1 -1 1124.26 636.92 166.233 455.008 539.5 266.667 -1 -1 864.415 299.976 1153.83 71.8571
600 -1 -1 -1 -1 1079.28 633.251 184.953 426.394 559.071 262.143 -1 -1 874 299.756 1164.14 65.6111
601 1247.37 214.783 -1 -1 1027.58 633.821 205.538 399.778 580.778 259.852 -1 -1 885 302 1176.03 62.2564
602 1166.45 207.572 -1 -1 969.54 637.728 227.368 374.404 604.636 258.318 -1 -1 898.023 306.023 1189.97 59.8182
603 1079.27 196.961 -1 -1 905.559 640.057 250.104 347.538 -1 -1 -1 -1 912.114 310.023 1205.33 56.4242
604 994.626 178.137 -1 -1 841.841 634.893 272.9 319.79 -1 -1 -1 -1 924.5 312 1218.82 49.7059
605 910.468 154.059 -1 -1 776.763 623.119 297.796 292.041 680.909 247.318 -1 -1 934.571 312.959 1229.47 40.9706
606 825.409 131.889 -1 -1 709.38 608.755 325.011 266.832 706.44 242.92 -1 -1 943.2 315.455 1237.46 33.1892
607 742.851 114.874 -1 -1 641.82 593.853 355 245.108 731.6 240.36 -1 -1 949.5 320.5 1241.76 27.9333
608 664.878 102.324 -1 -1 575.689 576.934 388.195 227.195 756.939 239.667 -1 -1 952.738 328.328 1240.38 25.2642
609 595.892 98.3818 -1 -1 514.894 560.581 424.77 215.23 781.212 241.909 -1 -1 951.077 340.677 1232.05 28.0678
610 542.369 103.609 -1 -1 465.735 547.063 461.651 210.349 802.784 247.676 -1 -1 944.901 356.901 1216.09 37.2754
611 509.849 111.155 -1 -1 433.59 534.831 494.683 210.488 818 254.5 -1 -1 934.099 373.099 1194.71 48.3636
612 500.939 114.377 -1 -1 422.04 520.672 520.272 213.272 824.316 259.184 -1 -1 918.903 383.833 1170.49 56.4744
613 499.627 117.113 -1 -1 417.418 508.4 541.443 216.848 827.5 263.8 -1 -1 904.065 392.507 1147.54 63.561
614 493.28 128.305 -1 -1 409.465 504.277 562.224 223.697 833 271.756 -1 -1 891.936 405.987 1127.48 76.3929
615 484.391 144.75 300.865 3.33784 400.255 505.359 582.481 233.241 839.409 282.614 -1 -1 881.392 423.266 1108.91 93.5795
616 474.771 160.754 325.483 18.0575 390 505.958 604.065 242.493 847.071 294.19 -1 -1 869.683 441.512 1089.01 111.615
617 465.321 179.182 355.256 36.8023 379.814 506 630.342 254.316 856 309 -1 -1 854.488 464.36 1063.44 133.969
618 451.588 202.15 381.779 58.1279 366.441 512.213 654.356 267.438 867.25 327 -1 -1 842.742 491.112 1041.49 161.194
619 434.125 229.592 403.402 81.3171 350.954 524.754 674.101 281.783 880.571 347.673 -1 -1 836.077 521.077 1025.74 192.673
620 418.59 254.568 425 103.5 337.172 535.656 694.109 295.406 893.673 368.571 742.865 14.0541 828.044 551.363 1008.07 224.157
621 401.664 271.5 450.947 120.653 320.5 539.263 718.047 305.047 910.18 387.62 756.611 36.1389 816.355 581.075 985.112 252.607
622 380.625 279.567 482.775 132.239 298.262 534.951 747.953 308.953 932.115 404.423 775.771 57.4286 800.766 611.66 955.478 277.591
623 356.106 278.496 515.671 136.414 271.753 523.825 779.684 306.228 959.389 416.907 799.162 75.5946 783.422 640.059 923.008 296.672
624 331.243 272.832 548.294 136.397 243.868 509.385 811.5 299.862 989.564 426.964 825 91.5 764.922 667.631 888.056 312.105
625 306.713 266.02 578.667 135.111 216.384 495.36 842 292.5 1022.35 436.117 852 106.756 746.205 695.723 852.008 326.415
626 286.556 258.242 604.597 132.113 192.919 481.57 868.076 284.623 1052.06 442.758 876.5 119 728.134 719.95 818.101 336.444
627 270.899 248.828 626.286 127.5 173.878 467.61 890.235 276.235 1078.06 446.03 897.778 127.533 711.048 738.298 786.961 340.947
628 259.813 238.363 644.327 121.8 159.5 454 908.694 268.061 1099.25 446.281 914.932 132.955 695.137 750.694 759.086 340.862
629 254.902 229.511 660.212 117.769 151.547 441.667 924.816 262.612 1114.17 446.828 926.932 137.955 678.221 759.484 732.283 339.565
630 254.404 222.247 674.704 115.13 148 430.5 939.714 259.306 1124.84 447.328 935.217 142.761 660.705 765.959 706.711 338.105
631 256.898 216.08 688.961 113.569 147.707 420.4 954.224 257.551 1132.11 448.8 941 148 642.466 771.203 681.686 337.171
632 263.69 210.786 704.216 113.686 151.761 410.056 969.429 258.327 1136 451 943.851 154.426 621.322 775.364 654.559 336.735
633 276.083 205.429 721.98 114.92 161.225 398.887 986.717 260.783 1134.99 453.814 942.673 161.571 595.598 776.746 624.265 334.529
634 294.346 198.308 742.039 115.863 175.611 384.819 1006.4 264.54 1128.56 455.267 937.686 168.431 565.348 773.47 591.767 328.667
635 316.597 189.987 764.077 116.788 194.06 369.239 1027.67 269.571 1117.24 455.667 928.98 174.941 532.377 766.421 558.615 320.038
636 340.671 182.959 786.037 118.926 214.818 355.197 1049.06 276.14 1101.65 456.651 917.321 181.585 500.974 758.4 529 312.353
637 364.392 177.068 808.121 121.638 235 342.119 1070.43 283.547 1085.55 458.529 904.947 189.053 470.703 751 501.353 306.471
638 383.348 171.304 829.048 123.597 251.215 330.108 1090.84 289.368 1073.05 459.872 895.525 196.068 443.362 745.5 475.646 302.049
639 401.538 165.646 850.864 125.864 266.75 318.4 1112.39 295.393 1060.85 461.802 886.186 203.712 415.67 740.705 449.771 298.029
640 420.339 160.048 873.03 128.061 282.586 306.793 1134.36 301.828 1046.57 463.404 875.733 211.2 388.645 734.963 425.474 293.31
641 439.18 154.623 895.03 130.134 298.897 295.586 1155.95 308.557 1030.36 464.462 863.844 218.063 363.276 728 403.479 287.607
642 458.95 150.117 917.9 133.429 316.145 285.236 1178.68 316.871 1012.05 466.6 850.2 226.108 337.961 721.578 382.171 282.928
643 480.241 147.483 943.563 139.634 335.073 275.655 1204.11 328.403 990.627 472.127 834.5 237.5 310.979 716.948 360.028 280.88
644 503.926 148.204 974.375 151.153 356.5 268 1234.85 345.8 965.437 484.723 815.611 255.306 280.609 716.272 334.39 284.114
645 530.212 153.538 1009.77 170.219 380.943 263.547 1269.86 371.288 934.148 506.883 792 281 248.302 720.453 307.539 293.971
646 558.38 166.1 1043.7 199.216 407.771 265.917 -1 -1 895.206 540.412 762.844 313.558 221.573 729.549 286.844 311.781
647 590.217 178.957 1078.3 230.865 438.596 268.766 -1 -1 845.428 574.855 726.027 345.44 198.532 734.442 271.977 327.368
648 625.318 187.841 1109.57 259.266 472.391 269.304 -1 -1 785.106 598.042 682.442 366.974 184.043 728.551 267.613 332.973
649 661.977 191.488 1137.3 281.301 507 267 -1 -1 720.563 607.236 635.385 377.128 176.227 713.197 271.371 329.29
650 699.048 192.19 1161.13 298.747 542.071 263.476 -1 -1 655.224 605.993 586.756 378.333 174.576 692.508 281.17 320.019
651 738.556 192.289 1182.48 316.398 579.268 260.146 -1 -1 587.929 599.142 535.128 373.615 177.931 669.034 296.415 308.561
652 779.837 193.047 1200.42 335.074 618.244 258 -1 -1 521.015 589.401 481.557 365.152 185.596 644.712 315.59 296.872
653 822.667 195.044 1213.14 356.008 658.419 258.023 -1 -1 458.156 577.763 428.377 353.065 197.98 620.68 338.771 286.143
654 864.739 203.217 1218.97 386.797 698.333 264 -1 -1 401.824 574.046 378.237 344.675 213.783 602.957 363.703 281.838
655 903.813 215.354 1217.48 423.042 735.178 274.356 -1 -1 355.63 574.681 334.932 338.716 231.244 590.444 388.718 281.846
656 937.143 227.51 1211.08 457.184 766.283 284.783 -1 -1 321.212 576.018 300.973 333.44 247.619 581.095 410.95 283.175
657 966.191 237.787 1203.21 487.636 793.444 293.933 -1 -1 294.057 575.689 272.945 327.534 261.8 573.075 430 283.5
658 992.913 244 1194.99 510.596 818 300 -1 -1 271.304 570.461 248.562 318.356 274.462 562.923 447.077 280.564
659 1017.6 246.385 1187.48 526.251 840.489 302.787 -1 -1 252.677 561.198 227.243 306.629 285.243 551.757 462.128 275.128
660 1041.37 248.423 1181.89 542.172 861.447 305.234 -1 -1 235.063 553.263 207.239 296.433 294.5 541.833 475.128 270.128
661 1065.25 252 1174.67 561.721 882.717 308.783 -1 -1 218.055 547.297 187.881 287.806 303.972 532.917 488 266.5
662 1087.64 257.321 1160.13 581.533 902.936 314.447 1272.65 983.25 205.9 542.056 171.773 278.424 314.861 525.389 502.684 263.868
663 1108.42 261.679 1131.01 593.138 921.16 321.22 1236.9 997.198 202.011 533.115 162.049 264.443 330.222 516.667 520.8 259.925
664 1127.61 267.389 1082.07 597.457 938.216 330.686 1185.01 999.407 207.613 521.313 159.063 245.698 351 507.735 544.4 255.657
665 1147.93 278.475 1013.04 605.177 956.212 346.923 1117.14 1000.02 219.014 511.803 160.649 226.456 377.667 500.222 573.973 253.838
666 1167.18 297.426 926.493 618.146 973.352 370.759 1038.29 999.099 235.262 506.662 167.175 209.561 409.028 496.083 608.05 256.175
667 1181.06 320.03 833.335 627.431 985.862 398.862 959.516 990.832 257.095 504.206 179.686 195.216 441.543 494.914 642.632 260.921
668 1193 339.433 745.87 628.401 996.397 424.397 888.51 977.387 278.143 499.375 192.556 180.067 471.943 492.657 675.231 263.846
669 1202.56 354.973 666.926 621.186 1004.92 446.328 827 959.5 298.214 492.5 205.239 164.565 499.361 489.083 705.128 264.128
670 1209.24 374.438 590.419 616.351 1010.68 471.871 768.773 941.773 318.755 488.918 219.762 152.143 527 488 734.974 267.128
671 1214.8 394.709 521.812 613.238 1015.85 497.061 717.22 926.78 337.458 486.604 232.825 142.225 552.5 487.833 762.625 270.9
672 1221.31 413.788 461.808 611.46 1021.39 520.829 672.842 914.835 352.341 484.341 243.229 133.571 575 487.5 787.325 274.025
673 1228.07 432.292 408.091 610.021 1027 543 633.101 904.42 365.175 482.575 252.5 125.833 595.595 487.162 810.244 277
674 1234.22 446.656 361.937 605.046 1031.96 561.8 599.261 893.104 376.718 479.538 260.5 117.647 613.5 485.5 830.625 277.9
675 1240.6 457.479 321.549 597.426 1037.23 576.824 569.833 881.689 386.128 475.128 266.771 109.429 628.921 482.632 848.282 277.103
676 1252.37 472.843 273.921 594.454 1046.4 596.147 535.118 873.64 394.405 471.514 272.091 100.697 646.622 479.757 868.974 277.128
677 1266.96 493.287 222.518 596.307 1057.56 619.62 498.112 868.642 402.189 469.135 276.548 93.4194 665.135 477.703 890.872 278.872
678 1276.91 514 175.426 597.538 1067.5 642.875 464.581 863.171 410.057 467.429 281.5 86.7857 682.865 476.297 911.757 280.757
679 -1 -1 136.042 598.986 1072.5 666.756 437.135 856.754 419.061 467.667 288.5 82.7857 699.5 477.167 930.865 284.622
680 1277.12 557.36 107.142 592.725 1068.2 690.235 417.262 842.746 432.824 468.5 300.393 79.8214 716.079 479.947 949.243 289.622
681 1260.68 575.235 87.3005 575.886 1053.5 712.5 403.639 819.37 451.971 468.382 317.75 76.3214 734.079 483.947 968.842 294.211
682 1229.84 589.058 76.7528 552.961 1030.5 732.5 396.615 790.547 474.294 467.5 338.5 73 752 488.59 987.415 299.024
683 1188.98 602.786 73.8704 529.296 1000.27 752.554 394.927 760.358 499.257 468.257 362.091 71.0909 770.079 495.632 1005.98 305.585
684 1139.34 614.047 77.0205 503.555 963.194 771.194 397.447 728.019 526.469 468.688 387.96 69.6 788.463 503.878 1024.39 312.609
685 1087.48 623.961 80.6769 478.292 924.604 789.01 400.495 696.589 553.588 468.676 413.783 67.913 807.146 511.854 1043.43 319.152
686 1034.83 631.457 84.136 453.176 885.117 805.447 403.341 665.626 580.5 467.5 439.13 65.2174 826.116 518.884 1063.15 324.646
687 972.259 641.706 88.9091 428.382 838.5 825.5 407.291 633.581 610.909 467.303 467.615 63.1538 848.234 528.553 1086.33 332.592
688 906.633 641.898 98.4624 400.172 788.856 837.541 415 600.5 640.909 464.697 495.913 59.7826 868 536.391 1106.84 337.235
689 843.674 634.853 110.102 372.352 740.607 843.393 424.162 568.892 668.576 460.576 522.04 55.4 885.4 542.4 1124.7 339.094
690 784.479 627.026 120.805 348.183 695.034 847.689 432.622 541 694.235 456.647 546 51.5 901.245 547.918 1141.5 340.5
691 727.2 621.477 131.203 328.378 650.546 852.521 441.366 516.761 718.545 454.212 569.087 49.2174 916.86 554.7 1157.78 343.661
692 668.442 616.266 143.412 310.853 604.817 857.127 451.364 494.5 743.114 452.886 592 48 932.148 563.5 1173.29 348.458
693 607.832 608.563 158.302 294.095 556.516 858.841 463.683 472.587 768.588 451.676 615.76 47.68 946.561 573.175 1187.88 353.859
694 543.653 599.917 175.483 278.133 504.564 858.929 478.032 451.242 795.865 451.703 641.04 48.4 961.339 585.288 1201.9 361.217
695 476.746 590.857 194.797 263.661 449.217 858.008 494.561 430.333 825.294 452.5 668.24 50.48 976.5 600 1215.56 370.96
696 417.059 583.173 214.85 253.367 398.381 855.762 511.714 413.5 852.914 455.543 693.76 54.68 988.91 616.91 1225.89 382.951
697 362.811 581.672 236.333 249.111 351.377 854.902 530.566 402.189 879.865 462.703 718 63.2917 999.059 639.029 1232.08 402.256
698 312.75 573.424 263.316 244.421 305.218 846.487 554.235 390.765 908.139 470.389 743 73.2917 1004.87 663.549 1230.95 421.835
699 267.783 558.337 292.647 237.686 260.838 830.897 580.36 378.5 937 477 768.96 82.6 1006.79 687.877 1224.07 439.878
700 230.263 539.66 324.571 231.061 221.08 810.232 608.755 366.918 966 483.5 794.482 93.1111 1003.49 713.259 1209.35 457.157
701 200.695 517.092 358.63 224.109 186.349 784.174 639.571 355.673 994.8 489.925 819.185 104.074 994.457 738.63 1186.03 472.939
702 177.946 494.423 392.854 217.75 156.712 756.712 671.044 345.844 1022.97 496.675 843.214 115.5 981.091 764.466 1156.46 488.087
703 158.597 475.454 426.854 213.75 130.57 731.21 702.5 338 1051.97 505.675 866.967 129.4 965.355 793.86 1122.64 506.855
704 144.464 458.7 460.837 212.047 109.043 706.591 734.75 332.205 1080.5 516.667 889.971 144.912 945.571 825.98 1082.51 528.554
705 134.806 438.272 492.422 207.022 91.5114 679.693 764.667 325 1107.24 523.6 911.355 157.258 923.148 851.604 1040.31 541.408
706 125.809 417.883 519.422 200.022 75.3882 654.694 790.81 316.071 1132.37 527.109 931.206 166.088 902.661 872.587 1001.7 548.869
707 118.714 399.341 544.532 193.766 61.3827 631.556 815.333 308 1156.63 530.891 950.265 174.765 881.5 893.037 962.223 555.883
708 115.425 381.184 569.089 187.711 51.2564 608.385 839.333 301 1179.4 533.62 967.429 182.943 857.581 910.94 920.14 559.801
709 114.852 367.741 592.929 185.048 44.3889 588.708 863 296.756 1200.78 540.06 982.972 193.917 831.367 931.733 875.179 568.378
710 116.027 361.473 616.953 187.698 40.4706 574.382 886.854 297.146 1222.71 553.098 997.872 210.128 803.454 960.479 826.714 588.069
711 119.592 359.014 639.116 192.884 39.6825 563.444 909 300.756 1242.13 568.833 1009.89 227.973 774.976 989.808 778.801 610.626
712 127.097 358.871 662.024 201.19 43.1148 554.082 931.707 307.073 1259.23 588.607 1019.53 248.583 742.546 1019.38 727.038 636.08
713 142.123 358.088 687.683 211.024 54 542.5 956.842 316.5 1271.07 610.339 1024.8 271.075 -1 -1 668.502 656.41
714 165.146 352.583 716.133 219.556 71.3333 526.018 984.8 326.075 1275.71 629.5 1025.1 292.268 -1 -1 605.295 663.315
715 193.826 342.609 746.114 225.795 94.3462 505.558 1014 335.5 1272.63 643.672 1020.32 310.205 -1 -1 543.63 654.948
716 226.128 331.489 777.089 231.711 120.942 484.058 1044.07 345.81 1261.83 655.943 1010.72 326.93 -1 -1 486.838 639.049
717 258.553 321.149 807.021 238.17 148.22 464.24 1073.5 357 1246.43 667.203 998.5 343 -1 -1 437.63 621.711
718 289.089 311.889 836.109 244.63 174.063 446.229 1101.84 368.186 1228.96 678.39 984.83 358.021 -1 -1 395.147 605.147
719 317.932 301.295 864.438 249.021 198.702 428.064 1129.71 378.133 1209.2 685.709 970.46 370.78 402.783 1016.58 358.299 585.422
720 342.667 291.044 890.49 251.725 219.63 411.109 1155.5 386.13 1191.13 690.711 957.566 381.453 365.029 1001.58 327.16 566.861
721 364.69 283.857 915.647 256.667 238.262 397.476 1180.91 395.652 1175.68 700.438 946.232 394.607 330.127 992.765 297.594 555.087
722 384.878 276.561 941.431 261.471 255.302 384.14 1207.23 404.553 1160.62 710.067 935.224 408.379 296.235 984.653 268.992 544.209
723 404.833 268.905 967.4 265.4 272.279 370.721 1233.71 413.133 1144.32 718.778 923.5 421.138 263.284 975.021 242.748 532.195
724 424.667 264.044 993.654 272.288 289.452 359.714 1260.63 424.891 1125.71 731.974 910.226 436.823 232 968.165 218.184 524.43
725 443.905 262 1019.06 281.759 306.59 351.538 -1 -1 1105.76 749.532 896 454.881 203.919 964.189 196.402 520.953
726 464.875 258.85 1045.46 291.148 325.054 342.432 -1 -1 1080 765.195 878.185 471.692 -1 -1 177.485 514.04
727 489.231 254 1069.23 298.607 347.619 332.905 -1 -1 1041.11 769.913 853.206 480.632 156.357 937.446 170 499.356
728 517.053 248.342 1092.45 305.643 373.026 322.921 -1 -1 992.583 768.806 821.929 485 142.759 912.069 169.207 480.512
729 545.634 239.829 1115.92 309.167 399.128 310.846 -1 -1 939.857 758.129 788 483.5 -1 -1 171.811 456.703
730 574.275 230.925 1140.1 312.206 425.342 298.579 -1 -1 885.296 745.908 752.597 480.662 -1 -1 175.465 433.451
731 605.1 225.65 1165.87 321.162 453.919 289.541 -1 -1 824.745 740.064 712.872 481.615 -1 -1 180.448 415.612
732 638.211 225.368 1193.04 338.557 485.306 284.5 -1 -1 757.309 742.574 667.272 487.556 -1 -1 187.823 404.452
733 674.219 229.854 1220.34 363.824 519.571 283.6 -1 -1 683.341 751.116 616.402 496.317 105.286 781.238 198.882 397.667
734 705.949 229.872 1244.42 381.772 549.158 280.053 -1 -1 618.646 748.463 571.268 497.207 106.849 761.415 209.771 386.833
735 731.861 226.611 1267.5 392.274 573.158 274.053 -1 -1 566.159 739.835 534.317 494.598 105.385 741.615 217.214 374.357
736 755.65 224.1 -1 -1 595.211 269.158 -1 -1 518.03 732.815 499.711 492.542 104.609 724.739 224.243 363.811
737 778.316 222.316 -1 -1 616.657 265.486 -1 -1 473.539 724.4 466.607 488.393 106.638 708.66 233.067 354.167
738 800.949 220.872 -1 -1 637.429 262.229 -1 -1 431.533 715.03 434.482 482.941 110.333 693.044 243.067 345.167
739 824.658 221.974 -1 -1 659.778 261.667 -1 -1 388.663 709.405 400.593 479.198 115.477 679.205 254.379 339.034
740 849.919 226.541 -1 -1 683.541 263.919 -1 -1 345.859 706.776 365.635 476.447 123.6 667.375 268.207 335.241
741 873.316 231.974 -1 -1 705.872 267.872 -1 -1 309.801 704.265 334.648 472.091 133.842 657.053 283.387 333.194
742 897.056 241.333 -1 -1 728.128 275.128 -1 -1 274.876 708.731 304.286 472.345 144.139 650.611 298.103 334.862
743 920.526 250.237 -1 -1 750.757 282.757 -1 -1 247.007 706.051 276.774 465.548 159.086 641.857 317.231 334.308
744 945.024 256.585 -1 -1 773.789 289.842 -1 -1 228.378 690.984 253.405 447.679 179.771 628.429 342.185 329.222
745 969.146 263 -1 -1 796.462 298.077 -1 -1 217.504 672.296 234.444 424.728 204.242 614.424 370.481 323.556
746 993.565 270.152 -1 -1 819.023 308.419 -1 -1 213.472 651.241 219.545 398.455 232 599.735 402.03 317.424
747 1016.78 278.283 1246.72 612.882 841 320.244 -1 -1 214.958 631.042 209.247 371.493 260.743 586.257 434.242 311.697
748 1040.65 289.354 1196.89 630.251 863 334.5 -1 -1 216.609 616.448 199.91 348.91 288.861 575.389 466.029 308.829
749 1066.49 304.714 1140.14 654.452 886.783 352.717 1259.07 1018.29 218.468 605.709 191.108 328.8 318.294 566.5 499.027 308.243
750 1092.57 315.453 1078.81 667.542 910.327 367.571 1191.5 1022.27 222.938 588.6 184.393 303.557 347 553.735 531.886 303.114
751 1115.45 317.566 1025.26 664.42 930.375 375.271 1136 1021.24 228.375 566.953 179.803 276.885 370.114 539.114 559.158 293.053
752 1138.86 320.052 977.111 664.838 950.429 382.327 1086.72 1021.83 230.607 549.492 173.825 254.439 390 525.735 582.886 284.429
753 1162.21 321.793 929.842 664.737 970.5 388.5 -1 -1 232.196 533.107 168 233.321 408.176 513.353 604.811 275.811
754 1184.85 323.541 879.899 662.262 989.245 395.075 994 1022.24 235.283 517.962 163.824 213.157 426.091 501.303 626.294 267.5
755 1206.68 329.419 825.289 664.868 1007.43 405.25 -1 -1 239.706 507.098 161.5 196.36 444.5 492.5 647.861 262.611
756 1229.65 337.868 766.959 671.324 1026.39 417.611 -1 -1 243.927 498.655 159.429 181.327 463 484.735 669.75 259.056
757 1247.47 344.186 715.497 672.222 1040.95 427.95 -1 -1 249.5 491 159.66 168.34 478.735 478.235 688.083 255.75
758 1265.34 350.824 656.472 667.984 1055.14 439.5 806.4 1019.79 257.62 482.1 162.25 153.795 496.5 471.5 708.686 251.686
759 1276.73 356.412 589.14 650.041 1065.17 452.172 756.104 1001.36 272.62 471.1 171.175 136.7 517.206 463.912 732.028 246.917
760 -1 -1 519.944 626.492 1072.86 465.864 705.823 974.878 290.25 460 183.05 119.075 538.972 456.917 756.5 241.833
761 -1 -1 452.783 604.118 1079.68 481.043 657.735 948.957 307.708 450.5 195.128 103.128 560.886 450.886 781.027 237.703
762 -1 -1 389.37 585.296 1086.1 497.901 612.664 925.606 324.045 442.932 207.139 89.3889 582.114 446.114 805.028 234.917
763 -1 -1 325.189 569.074 1093.23 516.89 567.275 903.804 340.116 436.116 218.5 76.5 604.229 441.571 830.053 232.789
764 -1 -1 264.727 552.862 1098.43 537.787 524.96 881.477 356.93 430.721 231.367 64.6333 626.412 438.324 855.081 231.541
765 -1 -1 205.349 535.705 1105.44 558.232 483.223 859.716 371.81 424.071 242.5 52.5 648.088 433.794 880.053 229.079
766 -1 -1 149.996 521.469 1117.17 574.977 444.738 843.897 381.8 416.925 248.867 39.7667 666.5 427.5 902.162 224.973
767 -1 -1 93.3077 511.527 1133.81 591.167 405.634 833.503 387.872 409.872 251.581 27.7419 683.222 420.667 922.778 220.333
768 -1 -1 35.8592 502.289 1152 608.223 366.667 823.993 393.368 403.079 253.808 16.1923 699.714 413.857 943.441 215.676
769 -1 -1 -1 -1 1171.82 626.878 328.468 817.844 397.5 397.833 255.2 5.92 715.303 407.909 963.088 212.206
770 -1 -1 -1 -1 1192.91 649.86 291 817 400.833 395.5 -1 -1 730.625 404.344 982.424 211.576
771 -1 -1 -1 -1 1218.57 678.413 248.301 817.301 404.147 393.618 -1 -1 748.212 400.545 1004.3 211.909
772 -1 -1 -1 -1 1233.94 707.298 214.555 808.891 412.281 391.813 -1 -1 766.061 398.424 1026.5 212.5
773 -1 -1 -1 -1 1237.29 738.622 190.082 792.149 425.71 391.29 -1 -1 785.5 398.5 1049.3 214.909
774 -1 -1 -1 -1 1226.57 772.701 176.04 769.56 444.5 392.5 -1 -1 806.5 402.5 1073.08 220.028
775 -1 -1 -1 -1 1199.34 807.275 174.142 740.625 468.241 395.241 -1 -1 827.909 409.303 1097.06 227.424
776 -1 -1 -1 -1 1156.72 841.325 181.777 707.393 496.414 398.724 -1 -1 850.75 418.944 1121.59 236.676
777 -1 -1 -1 -1 1099.98 875.916 196.728 672.087 528.586 403.724 -1 -1 874.842 431.789 1147.76 248.757
778 1232.94 689.333 -1 -1 1030.49 905.164 218.958 635.042 563.741 408.593 -1 -1 898.825 446.225 1172.78 261.667
779 1120.7 702.058 -1 -1 952.453 928.101 245.087 598.022 600.607 413.179 -1 -1 921.825 461.95 1196.97 274.325
780 1008.66 705.379 -1 -1 873.098 944.448 270.5 561.125 637.037 415.37 -1 -1 944.756 476 1220.67 284.822
781 901.672 699.547 -1 -1 796.034 952.303 296.244 527.782 671.259 416.407 -1 -1 964.396 489.396 1241.24 293.082
782 802.985 691.652 -1 -1 723.622 955.703 321.64 500.12 702.414 418.552 -1 -1 981.021 503.375 1257.91 302.519
783 715.468 681.373 5.24324 284.878 657.877 955.281 345.338 476.632 730.724 420.414 -1 -1 995.3 516.72 1271.77 311.357
784 638.069 666.315 33.942 268.58 598.177 950.531 366.636 454.5 756.71 420.71 -1 -1 1007.63 528.296 -1 -1
785 566.199 649.785 59.3939 252.545 541.55 944.658 386.175 433.444 781.844 420.375 -1 -1 1020.22 538.527 -1 -1
786 496.841 637.417 82.5077 239.431 486.231 941.143 404.288 414.661 806.774 420.806 649.174 7 1033.29 550.5 -1 -1
787 427.445 632.563 103.383 230.233 430.568 942.973 421.035 398.614 832.452 423.581 673.429 10.7619 1048.8 565.705 -1 -1
788 365.407 633.56 123.831 226.542 380.027 946.432 437.611 387.611 856.633 429.367 695.762 17.381 1062.94 584 -1 -1
789 304.539 634.927 144.415 223.604 329.098 949.371 454.673 377.436 881.774 435.806 718.81 24.8571 1077.37 604.742 -1 -1
790 250.744 625.379 170.94 219.14 280.115 940.619 476.74 366.62 907.414 441.724 742 33 1086.31 626 -1 -1
791 203.148 610.229 199.442 213.651 233.978 925.545 501.36 355.72 933.367 447.633 765.273 41.5 1091.9 648.087 -1 -1
792 164.221 590.759 228.675 207.725 193.03 905.379 526.37 345.109 958.5 452.5 787.875 49.6667 1093.8 669.324 -1 -1
793 133.667 568.016 259.93 202.047 157.709 880.323 553.5 335.13 983.091 457.545 809.609 58.5217 1090.6 690.792 -1 -1
794 108.864 544.71 292.837 197.279 125.617 852.558 582.5 326.13 1008.23 463.429 831.76 68.68 1083.63 714.588 -1 -1
795 87.5065 522.617 326.122 193.244 96.069 824.466 612.556 318.067 1034.76 470.424 854.385 80.1538 1074.35 740.791 -1 -1
796 69.0357 502.721 359.442 190.163 69.2407 797.185 642.81 311.071 1062.14 478.389 877.5 92.7857 1063.16 769.5 1266.59 492.036
797 53.0853 480.38 391.558 185.14 44.3131 768.778 672.415 302.829 1090.1 484.718 900.5 104.214 1050.01 797.062 1235.35 508.66
798 40.2742 456.484 418.872 177.692 22.732 740.732 698.025 292.675 1115.41 486.829 921.367 111.367 1037.11 817.713 1206.13 516.387
799 26.4261 438.296 442.55 171.725 3.08824 718.515 720.581 284.023 1140.8 490.075 942.133 118.767 1026.99 840.343 1180.63 528.08
800 13.6923 422.288 464.872 166.692 -1 -1 741.925 276.2 1166.29 493.927 962.2 126.667 1016.96 863.829 1154.69 540.718
