246.393488 -1212.612962 539.675665 1510.981503
1296.165723 14.584824 32.558865 1775.106124
0.367888 -0.030180 0.929380 2.405067
120.062403 436.567008 1270.679026 1345.043729
1274.041701 -116.251126 170.693448 1618.265681
0.452905 0.877978 0.155025 2.560803
414.676209 -1256.381952 273.244368 1546.807018
1284.190677 122.700887 -187.736429 2273.552516
0.540070 -0.141502 0.829639 2.805275
316.741158 679.130381 1128.586158 2258.289448
1262.714650 -294.146547 106.346287 2185.711552
0.594143 0.799684 -0.086603 2.943865
186.889153 1164.509814 -657.394054 2267.630450
1309.062565 24.141020 -85.750956 2388.745796
0.345800 -0.051528 -0.936892 3.029458
355.793435 1272.904549 -259.047777 2248.574863
1158.082063 51.957963 590.348282 1367.065806
0.765676 0.147362 -0.626119 3.708833
503.954519 -76.299386 -1257.840037 2193.297474
1281.536298 -6.875579 253.518630 2737.332405
0.450839 -0.850347 -0.271392 3.086255
396.991146 -495.725365 -1188.164620 2184.078170
1285.137245 -32.615187 178.310982 1812.425659
0.370580 -0.928759 -0.008851 2.617200
DistortionExist
-0.049090 0.000000 0.000000 0.000000
-0.069178 0.000000 0.000000 0.000000
-0.080015 0.000000 0.000000 0.000000
-0.016958 0.000000 0.000000 0.000000
-0.050190 0.000000 0.000000 0.000000
-0.076560 0.000000 0.000000 0.000000
-0.077327 0.000000 0.000000 0.000000
-0.043544 0.000000 0.000000 0.000000
CameraCenter
-1.318329 0.059578 -2.064033
-1.440458 -2.140635 -0.186962
-2.074947 0.108721 -2.012048
-2.199436 -2.062601 -0.142534
-1.648526 -0.194759 2.635771
-2.535676 -0.507611 2.703201
-2.263251 2.205050 0.703172
-1.412487 2.250293 0.427387
