1 252.237 483.839
2 252.736 483.352
3 253.564 482.585
4 254.457 481.913
5 255.789 480.678
6 257.8 479.133
7 260.436 476.617
8 262.686 472.907
9 264.045 468.551
10 263.632 464.92
11 262.189 461.633
12 260.17 458.182
13 258.478 455.222
14 257.534 452.909
15 255.742 450.517
16 252.632 448.425
17 248.595 446.06
18 245.313 444.795
19 244.617 445.259
20 246.654 447.358
21 253.136 450.778
22 261.108 453.12
23 268.612 452.965
24 277.477 450.616
25 286.46 448.954
26 296.141 448.4
27 305.422 449.822
28 312.462 452.868
29 315.27 457.461
30 312.225 462.135
31 306 464.143
32 300.602 463.625
33 297.551 463.348
34 296.226 463.476
35 296.225 464.135
36 296.198 463.302
37 296.382 462.865
38 296.551 461.596
39 296.551 460.348
40 298.729 460.259
41 307.11 458.659
42 319.289 454.542
43 331.651 449.831
44 344.506 445.235
45 357.605 440.815
46 369.468 436.688
47 378.421 433.645
48 383.056 431.806
49 382.819 430.611
50 377.137 430.438
51 366.5 431.868
52 352.118 435.355
53 336 440.5
54 321.877 446.79
55 312.975 453.407
56 307.244 459.967
57 300.385 465.868
58 290.772 469.087
59 279.626 468.659
60 269.87 464.043
61 262.711 458.944
62 259.167 457.133
63 259.06 458.518
64 259.289 458.542
65 263.524 455.583
66 271.034 451.069
67 280.77 446.966
68 291.552 444.241
69 300.598 443.563
70 306.471 445.736
71 304.471 449.553
72 301.553 451.976
73 301.5 451
74 301.893 449.155
75 301.333 448.5
76 300.429 449.083
77 301.482 449.059
78 305.388 447.918
79 309.554 446.639
80 313.183 445.585
81 315.763 445
82 317.617 444.185
83 319.125 443.525
84 320.127 443.316
85 320.974 442.442
86 321.808 441.064
87 322.772 439.696
88 324.5 438.41
89 327.731 437
90 332 435.5
91 336.224 434.303
92 340.224 432.724
93 343.88 431.36
94 346.784 429.676
95 348.905 428.297
96 350.944 427.194
97 352.356 425.781
98 353.467 424.813
99 354 424.071
100 354.181 423.611
101 353.819 423.389
102 353.056 423.239
103 352.451 423.324
104 351.803 423.324
105 351 423.071
106 350.214 423.171
107 350 423
108 350.059 423.029
109 350.592 422.944
110 351 423
111 351.881 423
112 352 423
113 352.058 423.101
114 351.887 423.225
115 351.565 423.362
116 351.324 423.31
117 351.5 423.371
118 351.803 423.324
119 352 423.071
120 352.1 423.157
121 352.214 423.171
122 352.119 423
123 352.059 423.029
124 352 422.929
125 351.714 422.586
126 351.5 422.5
127 351.181 422.389
128 351 422.071
129 350.941 422.029
130 351 422
131 351 421.929
132 351.371 421.657
133 351.942 421.899
134 352.119 422
135 352.803 422.324
136 353.014 422.859
137 353.071 423.171
138 353.181 423.611
139 353.783 424.101
140 354.479 424.437
141 355.75 424.5
142 356.917 424.597
143 358.041 424.74
144 359 424.929
145 360 424.929
146 360.629 424.657
147 360.973 424.63
148 361.5 424.5
149 361.75 424.5
150 361.917 424.597
151 361.873 424.648
152 361.841 424.87
153 361.783 425.101
154 361.887 425.225
155 362.167 425.264
156 363 425.071
157 363.941 425.029
158 365 425
159 366 424.929
160 366.959 424.74
161 367.714 424.586
162 368.155 424.549
163 368.873 424.648
164 369.696 424.652
165 370.119 425
166 371.014 425.292
167 371.625 425.528
168 371.775 425.563
169 371.9 425.486
170 372.083 425.403
171 372.127 425.352
172 372.197 425.324
173 372.5 425.371
174 372.803 425.324
175 372.881 425
176 372.881 425
177 372.69 425
178 372.119 425
179 371.942 425.101
180 371.058 425.101
181 370.618 425.176
182 370 424.929
183 369.775 424.437
184 370 424.071
185 371 424
186 372.348 424.435
187 373.809 424.809
188 374.629 425.5
189 374.743 425.7
190 374.059 426.029
191 373.632 426.368
192 372.917 426.597
193 372.352 426.915
194 372.111 427.5
195 371.845 428.197
196 371.389 428.722
197 371.5 429.541
198 371.838 430.5
199 372.959 431.26
200 374.27 431.554
201 375.919 431.595
202 377.405 431.203
203 379.053 430.653
204 380.746 429.972
205 382.205 429.548
206 383.75 429.5
207 384.803 429.324
208 385.225 428.761
209 386.055 428.342
210 386.775 427.563
211 387.714 426.586
212 388.803 425.324
213 389.942 424.101
214 390.881 423
215 391.215 422.077
216 391.632 421.368
217 391.848 420.939
218 391.676 420.5
219 391.5 420.219
220 391.119 420
221 391.119 420
222 391.121 419.803
223 391.343 419.567
224 391.657 419.433
225 392.152 419.061
226 392.8 418.892
227 393.266 418.875
228 394 418.5
229 394.762 418.19
230 395.403 418.113
231 396.119 418
232 396.8 417.892
233 397.152 417.939
234 397.625 417.828
235 398.109 417.719
236 398.954 417.692
237 399.651 417.762
238 400.172 417.828
239 400.5 418
240 400.667 417.889
241 400.574 418
242 400.5 418
243 400.333 417.889
244 400.238 417.81
245 400.238 417.81
246 400.651 417.762
247 401.111 417.794
248 401.8 417.892
249 402.5 418
250 402.8 417.892
251 402.574 418
252 402.371 418.048
253 401.848 417.939
254 401.5 418
255 401.597 417.887
256 401.828 417.828
257 402.152 417.939
258 402.5 418
259 402.5 418
260 402.152 418.061
261 401.8 418.108
262 401.403 418.113
263 401.403 418.113
264 401.5 418
265 401.645 418.016
266 401.734 418.125
267 401.734 418.125
268 401.5 418.219
269 401.266 418.125
270 401.092 418.092
271 400.889 418.206
272 400.403 418.113
273 399.908 418.092
274 399.333 418.111
275 399.119 418
276 399.063 417.844
277 399.5 417.5
278 400.435 417.387
279 401.5 417.5
280 402.206 417.444
281 402.5 417.5
282 402.238 417.81
283 401.828 417.828
284 401.238 417.81
285 400.889 417.794
286 400.8 417.892
287 401.152 417.939
288 402 418.06
289 403 418.185
290 403.889 418.206
291 404.692 418.185
292 405.046 418.308
293 405.308 418.462
294 405.078 418.594
295 404.5 418.636
296 403.723 418.677
297 402.5 418.5
298 401 418.5
299 399.047 418.234
300 396.403 418.113
301 392.8 417.892
302 387.697 417.742
303 380.433 417.642
304 371.058 417.899
305 360.957 418.449
306 352.197 419.324
307 346.529 419.957
308 344.071 420.171
309 345.69 420
310 350.181 419.389
311 356.348 418.565
312 362.246 418
313 367.304 417.652
314 370.8 417.5
315 372.739 417.522
316 373.696 417.652
317 374.059 417.971
318 374.119 418
319 374.333 417.889
320 374.848 417.939
321 374.941 417.971
322 375.119 418
323 375.119 418
324 375.059 418.029
325 375 418.397
326 374.739 418.522
327 374.739 418.522
328 374.739 418.522
329 374.739 418.522
330 374.812 418.333
331 374.97 418.194
332 375.25 418.309
333 375.632 418.368
334 375.941 418.382
335 376 418.397
336 376.261 418.522
337 376.162 418.794
338 376.119 419
339 376 419
340 375.881 419
341 375.587 419.064
342 375.119 419
343 375.119 419
344 374.941 419.029
345 374.152 419.061
346 373.636 419.227
347 372.696 419.348
348 372.188 419.333
349 372 419.397
350 371.757 419.371
351 371.632 419.368
352 371.757 419.371
353 371.957 419.449
354 372.043 419.551
355 372.101 419.768
356 372 419.929
357 371.797 419.739
358 371.696 419.652
359 371.857 419.714
360 372.5 419.647
361 373.101 419.768
362 373.286 419.586
363 373.371 419.5
364 373.058 419.638
365 372.672 420.164
366 371.855 420.536
367 371.058 421.101
368 370.618 421.853
369 369.873 422.648
370 369.056 423.239
371 368.118 423.926
372 367.5 424.5
373 366.819 424.611
374 366.69 424.521
375 366.69 424.521
376 366.986 424.141
377 367.841 423.87
378 368.944 423.806
379 369.959 423.74
380 370.5 423.5
381 370.838 422.941
382 370.819 422.611
383 371.058 422.101
384 371.841 421.87
385 372.304 421.652
386 372.957 421.551
387 373.563 421.507
388 373.775 421.563
389 373.873 421.648
390 373.775 421.563
391 373.5 421.5
392 373.181 421.389
393 373 421.271
394 372.942 421.101
395 373 421
396 373.119 421
397 374 420.929
398 374.319 420.681
399 374.881 421
400 374.687 421.179
401 374.101 421.232
402 373.435 421.377
403 373 421
404 373 421
405 373.642 420.731
406 374.119 421
407 374.567 421.224
408 374.181 421.389
409 373.286 421.586
410 372.348 421.565
411 371.819 421.389
412 371.881 421
413 372.203 420.739
414 373.696 420.652
415 374.515 420.853
416 374.838 421.059
417 374.058 421.101
418 373.143 421.286
419 372.435 421.377
420 371.929 421.386
421 371.629 421.5
422 371 421.792
423 370.257 421.7
424 369.696 421.652
425 368.775 421.437
426 368 421
427 367.714 420.586
428 368 420.271
429 368.941 420.029
430 369.881 420
431 370.941 420.029
432 371.636 420.227
433 371.971 420.333
434 372 420.5
435 371.9 420.586
436 371.857 420.714
437 371.942 420.899
438 371.841 420.87
439 371.304 420.652
440 370.775 420.437
441 370.119 420
442 370.636 419.803
443 371.118 419.926
444 371.941 420.029
445 372.118 420.074
446 372.435 420.377
447 372.632 420.368
448 372.563 420.507
449 372.368 420.632
450 372.059 421.029
451 371.819 421.389
452 371.286 421.457
453 370.929 421.386
454 370.942 421.101
455 371.059 421.029
456 371.119 421
457 371.059 421.029
458 370.941 421.029
459 370.119 421
460 369.9 421.157
461 369.632 421.368
462 369.632 421.368
463 369.706 421.279
464 369.841 420.87
465 370.127 420.648
466 370.957 420.449
467 371.775 420.437
468 372.181 420.389
469 372.127 420.352
470 371.714 420.457
471 371 420.5
472 370.69 420.521
473 370.2 420.5
474 369.9 420.586
475 369.775 420.437
476 369.636 420.227
477 369.881 420
478 370.439 419.712
479 371.433 419.642
480 372.119 420
481 372.881 420
482 372.632 420.368
483 372.225 420.437
484 372 420.5
485 371.957 420.449
486 372 420.132
487 371.941 419.971
488 371.857 419.714
489 371.9 419.586
490 372.059 420.029
491 371.873 420.352
492 371.25 420.838
493 370.942 421.101
494 370.565 421.362
495 370.159 421.13
496 370.119 421
497 370.058 420.638
498 370 420.5
499 370 420.5
500 370.155 420.451
