1 -1 -1 -1 -1 84.24 60.88 1112.09 289.485 -1 -1 -1 -1 -1 -1 -1 -1
2 -1 -1 -1 -1 88.6 61.96 1111.47 291.813 -1 -1 -1 -1 -1 -1 -1 -1
3 -1 -1 -1 -1 93.08 62.04 1108.76 293.647 -1 -1 -1 -1 -1 -1 -1 -1
4 -1 -1 -1 -1 97.8148 60.8889 1103.53 295.188 -1 -1 -1 -1 -1 -1 -1 -1
5 -1 -1 -1 -1 103.31 57.5517 1094.66 295.531 -1 -1 -1 -1 -1 -1 -1 -1
6 -1 -1 -1 -1 112.286 51.6429 1082.75 295.361 -1 -1 -1 -1 -1 -1 -1 -1
7 -1 -1 -1 -1 125.3 44 1068.32 295.632 -1 -1 -1 -1 -1 -1 -1 -1
8 -1 -1 -1 -1 143.364 37.2424 1052.44 298.634 1264.06 555.101 -1 -1 -1 -1 -1 -1
9 -1 -1 -1 -1 164.529 31.4412 1036.29 303.533 1191.54 519.013 -1 -1 1.58824 804.255 -1 -1
10 1235.32 278.984 -1 -1 184.079 24.0526 1021.02 306.652 1129.27 485.557 -1 -1 73.3865 752.343 -1 -1
11 1174.89 246.345 -1 -1 202.55 13.1 1009.6 306.4 1077.86 454.466 -1 -1 132.228 701.238 -1 -1
12 1125.2 216.712 -1 -1 220 1.65517 1002.38 304.25 1034.56 427.854 -1 -1 175.843 653.561 -1 -1
13 1082.11 192.369 1.23529 287.039 -1 -1 996.852 302.241 996.66 406.125 -1 -1 211.462 612.385 -1 -1
14 1039.45 174.822 32.1283 247.297 -1 -1 994.161 302.643 959 390.936 -1 -1 242.16 575.261 -1 -1
15 994.122 163.538 63.9969 215.356 -1 -1 995.898 305.661 918.917 382.507 -1 -1 267.549 540.071 -1 -1
16 946.897 158.321 87.4007 190.586 -1 -1 1002.21 311.033 877.11 380.848 -1 -1 286.686 507.789 -1 -1
17 900.204 158.962 101.92 173.749 -1 -1 1012.81 318.359 836.088 385.762 -1 -1 298.59 480.342 -1 -1
18 858.62 163.38 107.474 163.012 -1 -1 1026.31 326.123 799.743 394.914 -1 -1 303.5 458.584 -1 -1
19 819.475 173.15 113.772 159.828 -1 -1 1039.22 336.647 765.732 407.804 -1 -1 308.455 443.862 -1 -1
20 783.188 177.424 121.05 152.705 -1 -1 1049.97 344.437 733.851 415.435 -1 -1 314.65 428.35 -1 -1
21 742.467 175.653 130.439 138.439 -1 -1 1060.13 350.333 697.494 417.582 -1 -1 323.183 407.244 -1 -1
22 693.473 169.728 141.277 118.948 -1 -1 1072.45 355.636 653.627 417.304 -1 -1 333.576 380.736 -1 -1
23 638.064 163.17 154.893 98.7232 -1 -1 1085.41 362.675 603.59 416.199 -1 -1 346.331 353.137 -1 -1
24 580.174 159.163 173.181 82.1563 -1 -1 1097.32 372.941 550.779 415.69 -1 -1 362.789 328.281 -1 -1
25 522.237 158.659 193.422 69.8571 -1 -1 1108.03 386.733 497.624 417.35 -1 -1 380.973 307.336 -1 -1
26 470.782 157.828 213.364 59.3776 -1 -1 1116.5 400.311 449.673 417.529 -1 -1 398.915 289.33 -1 -1
27 430.271 153.882 230.193 48.8222 -1 -1 1122.05 410.146 411.595 414.412 -1 -1 414.152 273.768 -1 -1
28 397.718 144.965 241.425 35.6457 -1 -1 1127.24 414.558 380.252 407.576 -1 -1 425.101 257.596 -1 -1
29 364.886 135.545 246.748 21.9187 -1 -1 1136.57 417.107 349.013 401.779 -1 -1 431.468 240.989 -1 -1
30 333.048 129.88 249.603 11.7769 -1 -1 1148.04 420.905 319.311 399.98 -1 -1 435.054 227.087 -1 -1
31 303.964 129.066 250.711 6.14035 -1 -1 1160.73 426.955 292.459 402.401 -1 -1 436.618 217.685 -1 -1
32 277.102 133.578 249.936 5.51818 -1 -1 1174.75 435.596 268.434 409.816 -1 -1 436.477 212.419 -1 -1
33 253.635 145.293 248.636 10.8692 -1 -1 1189.03 448.363 248.209 423.209 -1 -1 434.786 212.345 -1 -1
34 238.28 157.787 246.301 17.8252 -1 -1 1200.28 459.129 235.796 436.368 -1 -1 432.494 215.181 -1 -1
35 236.132 166.228 245.127 23.8137 -1 -1 1203.52 464.733 234.63 444.292 -1 -1 430.735 219.386 -1 -1
36 242.373 169.452 251.539 27.5588 -1 -1 1195.75 468.035 239.966 444.034 -1 -1 436.09 223.436 -1 -1
37 246.576 168.677 267.317 28.6346 -1 -1 1181.57 473.548 241.884 437.694 -1 -1 449.58 225.21 -1 -1
38 251.599 165.908 288.295 28.6857 -1 -1 1162.64 479.583 243.958 428.106 -1 -1 467.788 226.425 -1 -1
39 262.079 162.657 313.981 29.5047 -1 -1 1137.28 485.974 250.46 416.187 -1 -1 490.325 229.238 1087.98 1.46512
40 277.39 159.941 344.075 31.8868 -1 -1 1105.98 492.811 261.276 403.535 -1 -1 516.393 234.607 1053.51 6.24793
41 296.256 158.56 376.11 36.5688 -1 -1 1071.68 500 275.839 391.435 -1 -1 544.185 242.481 1014.73 15.4194
42 318.094 155.906 407.645 40.4673 -1 -1 1036.55 504.385 293.193 378.613 -1 -1 571.447 250.765 975.378 22.4454
43 340.259 151.259 434.911 42.823 -1 -1 1004.71 504.706 311.383 365.548 -1 -1 595.239 258.068 939.792 25.4
44 360.598 143.873 451.991 41.2105 -1 -1 982.385 498.581 328.591 353.018 -1 -1 610.152 261.815 914.948 21.431
45 382.596 134.779 460.857 37.7479 -1 -1 966.409 486.774 347.771 341.046 -1 -1 617.86 264.28 897.631 12.1712
46 405.594 127.104 464.772 35.3858 -1 -1 954.862 474.321 368.705 331.67 -1 -1 620.907 268.021 885.255 3.70213
47 430.872 123.596 465.813 37.0469 -1 -1 945.981 463.448 392.028 326.047 -1 -1 621.049 275.475 -1 -1
48 460.089 124.089 464.754 44.0075 -1 -1 938.566 454.16 419.522 324.451 -1 -1 618.5 287.971 -1 -1
49 493.847 124.928 461.829 52.2786 -1 -1 931.438 443.543 451.45 322.982 -1 -1 614.019 302.981 -1 -1
50 529.522 120.009 456.248 54.7843 -1 -1 925.093 428.021 484.685 316.712 -1 -1 607.798 314.132 -1 -1
51 565.658 109.272 452.669 51.8528 -1 -1 916.611 409.544 518.054 305.369 -1 -1 603.623 321.852 -1 -1
52 597.043 96.4261 453.653 44.9827 -1 -1 906.42 392.705 546.054 291.369 -1 -1 603.875 326.109 -1 -1
53 627.661 83.8839 460.516 38.2312 -1 -1 892.921 377.809 573.469 276.257 -1 -1 609.278 331.105 -1 -1
54 659.318 74.2909 473.829 35.2613 -1 -1 876.595 366.321 601.685 262.712 -1 -1 619.892 340.741 -1 -1
55 691.286 69.3048 492.986 38.2238 -1 -1 858.289 358.542 630.333 252.324 -1 -1 634.568 355.858 -1 -1
56 725.2 67.66 517.031 46.5202 -1 -1 838.442 353.026 661.087 244.01 -1 -1 652.614 377.266 -1 -1
57 763.01 67.0421 543.245 58.4939 -1 -1 818.329 347.579 695.35 236.46 -1 -1 671.819 403.936 -1 -1
58 803.835 65.6701 566.97 70.5576 -1 -1 800.943 340.043 732.735 228.449 -1 -1 688 433.2 -1 -1
59 844.01 64.8632 581.061 84.0203 -1 -1 789.783 332.014 769.716 223.221 -1 -1 695.651 463.574 -1 -1
60 884.584 65.4753 580.877 99.4172 -1 -1 785.833 323.242 807.091 221.091 -1 -1 690.49 495.034 -1 -1
61 921.735 69.9216 569.858 120.525 -1 -1 787.108 317.2 841.847 224.153 -1 -1 676.219 527.817 -1 -1
62 951.981 80.1748 556.942 149.902 -1 -1 790.206 316.111 870.01 232.848 -1 -1 660.463 562.745 -1 -1
63 977.626 95.7944 547.178 188.113 208.846 3.53846 793 319.5 894.125 245.771 -1 -1 647.038 601.487 -1 -1
64 998.02 112.049 545.066 227.978 194.656 18.7969 793 324.679 913.516 258.409 -1 -1 640.183 639.502 -1 -1
65 1013.68 122.645 548.061 257.005 182.677 29.5806 791.345 328.017 928 266 -1 -1 638.743 668.407 -1 -1
66 1022.99 126.099 563.97 272.476 172.754 36.1639 785.068 329.525 936.368 266.46 -1 -1 648.905 687.054 -1 -1
67 1023.94 127.68 599.643 282.378 165.806 43.5806 773.017 332.931 936.854 263.562 -1 -1 675.868 700.539 -1 -1
68 1015.6 130.152 652.148 291.106 163.862 54.3077 755.897 340.414 929.059 260.353 269.079 1.84211 717.153 710.752 -1 -1
69 999.172 135.935 716.859 302.956 167.636 70.5606 734.69 353.034 913.59 259.205 270.847 22.8475 769.748 719.987 -1 -1
70 978.518 145.06 769.638 315.71 178.493 88.4928 716.912 368.649 894.658 262.014 278.983 46.5833 814.101 724.763 -1 -1
71 952.052 154.468 803.936 321.553 198.371 103.71 703.965 385.439 870.343 267.567 295.079 67.9683 845.888 718.683 612.712 14.3462
72 918.878 160.459 830.966 315.024 226.667 114.574 691.842 402.368 839.662 270.877 318.918 86.8361 874.439 699.646 598.733 28.7667
73 884 161 861.483 299.4 256.5 121.519 676.103 417.586 806.844 268.938 344.385 103.938 907.455 674.725 580.847 40.2881
74 853.09 158.03 898.766 282.52 283 128.107 655.897 431.414 777.226 263.177 366.969 121.2 946.302 652.169 557.629 50.0484
75 826.851 155.597 937.959 269.596 306.383 136.233 633.103 444.586 751.5 257.138 386.221 140.132 986.028 634.983 532.063 60.1563
76 804.25 153.172 975.71 259.513 327.406 145.652 609.93 457.649 729.714 251.5 403.375 159.5 1024.65 621.461 505.8 70.1077
77 784.2 149.892 1012.62 248.9 347.48 154.08 586 469.5 709.611 244.611 419.413 178.373 1062.33 608.503 478.541 79.0656
78 763.593 145.322 1048.24 235.969 369.735 161.458 560.5 481.286 689.34 236.774 437.25 197.137 1100.05 593.305 449.597 87.1129
79 741.667 140.439 1083.95 221.867 395.802 169.163 532.5 494.138 667.4 228.6 457.819 217.506 1138.63 576.483 417.738 96.2
80 718.382 135.309 1117.63 206.825 427.155 176.928 502.712 508.339 643.6 220.4 482.213 239.517 1176.31 557.936 383.119 106
81 697.704 128.019 1150.98 189.752 456.98 182.01 471.794 520.016 622.6 210.4 505.602 259.731 1214.11 538.773 347.229 113.171
82 683.415 118.321 1180.44 170.563 478.798 180.303 444.844 525.063 607.458 198.396 523.081 272.737 1247.25 520.603 316 113.622
83 670.854 111.292 1200.29 155.712 499.5 178.1 423.877 530.123 594.205 189.886 539.495 283.019 1270.95 505.394 291.443 114.975
84 656.354 108.354 1207.77 145.879 524.685 178.219 408.768 538.362 579.795 186.114 559.186 292.186 1278.17 491.5 273.692 119.513
85 640.375 108.729 1203.12 140.359 552.95 178.9 400.887 549.352 564 187 581.653 299.663 1277.87 479.065 263.654 127.296
86 624.298 111.702 1189.93 138.066 580.409 179.636 399 561 549 191 603.948 304.052 1272.58 469.175 260.595 136.143
87 609.673 116.429 1172.02 138.06 604.469 180.219 402.419 572.419 535.116 196.884 623.362 305.766 1257.57 461.232 263.523 145.105
88 593.36 122.5 1147.98 139.512 629.688 180.781 409.959 585.23 520.116 204.884 644.409 305.688 1236.68 453.13 271.5 155.622
89 572.5 129.5 1118.08 139.73 660.433 179.867 420.727 600.545 500.708 214.5 670.157 304.045 1210.63 442.308 282.5 167.739
90 547.529 136.569 1084.38 137.858 695.276 176.069 434.256 617.859 477.75 225 699.882 300.153 1181.58 428.8 296.222 180.404
91 523.314 145.216 1052.76 138.268 727.417 174.625 448.268 636.622 455.354 236.646 727.468 297.844 1153.92 417.698 310.962 195.305
92 496.611 150.611 1028.06 134.198 -1 -1 456.417 656.524 430.25 245 758.296 296.718 1133.43 403.4 318.642 209.468
93 471.731 152.404 1009.14 126.206 -1 -1 461.077 672.923 406.5 249.36 787.813 294.313 1119.03 387.244 322.063 219.495
94 452.473 148.782 994.173 114.122 -1 -1 465.28 679.86 387.569 248.686 809.879 286.276 1107.78 370.31 325.703 219.602
95 437.8 141.291 980.202 98.4255 -1 -1 471.347 677.765 373 244 826.567 272.45 1097.27 352.083 331.546 210.479
96 427.611 129.611 969.505 79.866 -1 -1 476.72 667.98 362.471 235.569 837.682 255.379 1089.67 333.226 337.125 193.523
97 419.397 116.931 961.389 60.8737 849.471 89.7353 480 656.2 353.5 225.5 847.222 238.963 1084.61 314.607 340.382 174.588
98 407.661 106.898 952.24 44.54 860.557 72.1311 483.324 649.833 341.6 218.4 860.534 225.386 1078.54 297.289 343.493 160.735
99 391.564 100.545 938.186 31.6804 876.518 57.2118 490.5 649.595 325.54 215.16 877.598 213.326 1067.5 281.125 350.945 152.669
100 374.5 96.5 920.126 21.6 890.585 43.9468 503.25 651.083 309.057 214.642 893.394 200.968 1052.5 266.875 364.62 146.593
101 359.456 94.5614 900.516 14.6703 900.01 32.9691 519.703 652.273 294.927 216.473 904.948 188.979 1035.31 256.064 382.758 141.443
102 346.97 93.0606 878.663 8.98913 902.863 22.3579 541.215 650.126 283.407 219.241 911.516 175.132 1015.44 247.152 407.286 134.429
103 335.875 92.2656 854.533 4.71111 901.387 12.4301 567.058 646.153 273.741 223.052 914.545 160.205 992.886 239.684 436.987 126.789
104 326.03 95.0299 830.761 4.90909 898.549 7.27473 594.029 645.1 265.59 230.311 915.393 148.607 970.205 236.59 468.297 124.11
105 315.901 103.901 804.578 10.9111 894.859 8.26087 625.204 649.451 257.734 243.125 914.482 140.976 944.838 238.189 504.108 129.304
106 305.901 116.901 773.333 21.1556 887.5 12.369 664.15 655.336 250.91 261.09 910.295 133.615 913.944 243.194 549.036 137.832
107 297.24 132.24 738.484 33.6154 876.4 17.0875 707.814 659.914 245.971 282.059 902.797 125.554 879.711 250.197 599.369 146.411
108 288.962 148.712 701.419 46.5269 863.342 21.1139 754.308 662.559 241.792 304.833 893.507 116.304 843.182 257.649 652.713 153.72
109 278.407 164.919 659.615 57.4396 849.929 22.1571 805.209 662.372 236.083 328.292 884.849 104.061 803.233 262.89 711.222 157.574
110 264.527 177.78 617.121 63.6264 838.887 18.5968 857.041 658.931 226.961 349.896 878.633 88.8167 763 263.618 770.35 155.926
111 249.041 185.796 581.56 64.9341 832.677 12.4677 900.483 654.544 215.402 365.793 876.714 74.5 730.053 260.587 819.494 151.549
112 234.079 191.079 547.602 64.0114 825.983 4.68333 941.631 647.396 204.5 379.605 874.564 59.3273 699 256.071 866.118 143.634
113 222.102 193.778 516.44 61.3297 -1 -1 978.116 636.63 196.076 390.511 871.173 43.9231 670.901 250.901 907.581 132.669
114 212.779 196.504 488.382 59.8652 -1 -1 1010.5 626.331 189.907 400.825 866.647 30.6667 645.224 247.303 944.032 122.552
115 204.12 204.333 459.8 62.4889 -1 -1 1043.21 619.5 185.31 415.93 860.979 20.375 619.055 247.466 980.768 117.881
116 196.935 213.276 432.396 66.2308 -1 -1 1073.89 613.317 182.144 431.74 854.673 11.4286 593.905 248.703 1015.02 114.236
117 192.734 216.828 409.517 66.6854 -1 -1 1097.51 603.836 180.972 441.679 848.868 2.26316 573.055 247.781 1041.39 106.315
118 193.556 214.022 382.989 62.5591 -1 -1 1120.47 584.649 184.417 446.617 -1 -1 549.467 244.187 1067.41 88.5248
119 203.065 210.518 354.24 59.3646 -1 -1 1140.34 561.178 196.213 451.352 -1 -1 523.724 243.079 1089.93 68.7368
120 219.238 216.119 323.281 64.4271 -1 -1 1158.7 542.816 215.094 463.52 -1 -1 495.654 249.296 1110.09 57.0153
121 243.602 234.379 290.337 80.6735 -1 -1 1175.42 531.126 243.046 486.481 -1 -1 464.8 265.375 1127.8 56.1017
122 276.782 262.488 255.01 105.816 -1 -1 1189.92 523.303 280.029 517.169 -1 -1 431.457 289.37 1142.45 61.7143
123 313.994 290.044 217.811 130.67 -1 -1 1202.71 513.853 320.122 547.216 -1 -1 396.831 313.446 1155.07 64.7347
124 351.154 308.947 181.306 149.306 -1 -1 1212.52 500.559 358.836 569.651 -1 -1 364.012 332.452 1165.22 60.8526
125 380.697 314.97 146.5 156.103 -1 -1 1222.36 483.319 389.281 581.673 -1 -1 334.432 341.023 1176.02 49.5165
126 408.963 314.154 113.706 157.605 -1 -1 1230.17 465.114 417.199 587.745 -1 -1 307.144 345.622 1184.64 34.6786
127 440.253 312.299 85.2143 159.873 -1 -1 1233.27 448.614 447.012 590.982 -1 -1 283.63 351.12 1188.4 22.0875
128 477.231 316.996 61 169.136 -1 -1 1231.54 437.407 481.629 597.12 -1 -1 263.309 363.17 1186.49 16.1667
129 519.72 332.707 41.9552 189.448 -1 -1 1226 433.197 520.736 609.328 -1 -1 246.347 384.235 1179.64 19.12
130 563.812 351.568 30.2766 214.83 -1 -1 1215.83 433.069 560.48 621.123 -1 -1 235.49 409.951 1167.39 26.5217
131 606.97 362.983 24.0205 236.651 490.026 5.12821 1201.87 431.451 598.413 625.023 -1 -1 229.13 433.34 1151.77 31.2609
132 649.482 353.261 23.7962 244.248 471.641 6.94872 1182.15 422.141 633.675 609.911 -1 -1 228.738 447.43 1130.61 25.5645
133 687.646 327.395 36.0361 240.295 453.897 4 1155.77 409.352 663.696 578.756 -1 -1 239.017 454.291 1102.34 14.2344
134 718.106 300.212 62.2191 234.702 438.694 2.36111 1124.77 399.761 686.768 543.872 -1 -1 260.552 460.371 1069.25 5.32813
135 741.762 277.32 101.649 231.816 425.814 3.83721 1090.3 394.955 703.955 510.357 -1 -1 292.268 468.74 1032.17 2.3125
136 762.113 259.53 151.123 233.364 413.14 9 1052.88 393.986 718.562 479.651 -1 -1 331.843 481.417 991.86 2.32
137 781.295 242.208 207.208 234.981 399.867 15.2889 1013.44 393.479 732.126 449.215 -1 -1 376.955 495.432 949 2.81818
138 800.129 225.909 265.514 237.082 384.78 21.54 974.134 392.791 746.065 420.573 -1 -1 423.919 510.61 906.648 2.94444
139 816.886 212.317 318.311 238.921 370.216 27.3137 940.232 391.362 758.538 396.462 -1 -1 466.5 524.767 869.727 2.92727
140 833.46 200.398 362.751 240.555 354.679 31.5849 912.061 388.848 771.702 376.307 -1 -1 502.351 538.325 838.957 2.17021
141 851.471 189.788 403.525 243.222 337.564 35.5455 886.433 385.015 786.449 358.131 -1 -1 534.831 553.388 811.308 1.19231
142 870.65 181.08 442.443 248.341 318.967 40.2131 863.048 381.556 802.524 342.695 -1 -1 565.331 570.523 -1 -1
143 890.705 176.137 482.902 259.265 298.742 47.4355 840.281 379.406 819.771 330.229 -1 -1 596.288 593.192 -1 -1
144 911.256 175.384 529.435 278.873 276.813 59.3594 816.892 380.2 837.506 321.438 369.385 8.46154 631.059 623.447 735.848 2.41304
145 931.165 175.633 582.701 301.836 253.773 73.3636 792.424 381.864 854.946 313.13 346.556 22.7222 670.693 657.422 709.4 7.03636
146 946.237 174.325 643.339 321.761 231.97 87.0606 766.932 383.881 867.655 303.571 325.527 38.0727 716.429 688.601 681.635 11.8462
147 957.642 168.896 713.326 334.963 210.292 99.0833 739.5 384.714 877.237 290.325 305.439 53.0351 770.354 715.471 651.615 14.7115
148 959.591 158.848 793 334.492 193.865 107.703 709.07 385.526 877.64 273.12 290.5 67.8621 834.474 729.789 618.353 15.6667
149 950.559 146.186 870.194 319.227 187.42 112.148 679.054 387.196 868 254.304 284.95 81.3667 900.769 727.258 585.5 15.5
150 930.952 134.635 930.569 293.285 194.523 112.807 653.309 390.618 848.333 238.5 292.213 93.0328 957.208 707.787 556.755 15.9245
151 911.565 128.261 979.458 277.077 204.979 117.052 630.5 397.5 829.412 228.559 301.542 107.556 1004.16 692.729 531.411 20.1071
152 897.088 126.838 1035.89 274.479 210.511 129.67 604.818 407.4 815.266 221.875 305.648 128.887 1056.29 690.877 502.75 28.6154
153 881.185 126 1096.06 273.12 218.087 145.717 576 419.5 799.508 215.344 310.947 154.961 1113.11 689.49 470.5 39.7143
154 864.525 122.932 1149.11 265.373 228.198 158.396 548.073 429.655 782.879 207.69 318.815 178.321 1165.33 682.162 439.14 48.2632
155 852.714 118.5 1190.46 255.763 235.182 165.919 525.5 436 770.679 200 324.529 194.871 1206.69 674.352 413.564 52.6727
156 842.085 113.119 1227.73 243.966 241.608 170.931 504.611 440.611 759.75 191.615 329.944 208.989 1244.81 664.995 389.724 55.2586
157 833.259 108.778 1262.37 235.365 247.15 177.262 484.893 445.411 750.717 184.792 334.396 223.242 1276.51 658.402 367.518 58.6071
158 824.792 106.925 -1 -1 253.234 186.318 466.673 451.436 742.36 180.5 338.707 239.402 -1 -1 346.945 63.6364
159 816.451 107.667 -1 -1 260.956 200.026 448.321 460.358 733.729 178.375 343.96 259.42 -1 -1 325.707 71.9828
160 804.647 110.333 -1 -1 275.855 215.667 430.673 471.564 722.388 178.429 354.313 280.919 -1 -1 305.717 82.95
161 788.313 117.125 -1 -1 301.967 235.287 416.389 488.389 706.8 183.2 372.97 304.812 -1 -1 288.952 99.0484
162 763.431 122.529 -1 -1 344.087 251.26 400.5 508.5 682.933 187.444 404.804 328.176 -1 -1 269.934 116.295
163 733.844 129.044 -1 -1 397.852 262.63 389.345 531.073 654.795 194.114 445.726 347.113 -1 -1 255.766 135.406
164 702.63 138.109 -1 -1 456.905 271.262 384.898 556 624.909 204.205 490.709 361.291 -1 -1 249.149 156.716
165 670.429 149.531 1255.8 227.343 516.19 277.957 387.4 582.933 595.114 217.795 536.413 371.165 -1 -1 250.2 179.846
166 638.163 162.245 1212.67 227.902 573.99 282.747 393.841 611.238 565.116 232.884 581.317 378.01 -1 -1 256.014 204.389
167 605.149 174.085 1171.78 226.309 630.038 285.152 401.556 639.952 534.375 247.583 625.564 382.812 1249 529.172 262.76 228.76
168 571.913 184 1133.34 221.765 682.836 283.525 410.235 667.5 503.375 260.583 668.337 383.88 1217.27 509.077 270.626 251.386
169 540.4 188.6 1100.76 210.91 730.349 274.535 417.808 689.63 473.75 268.625 708.224 380.047 1191.28 485.831 277.079 267.079
170 514.585 186.679 1075.47 194.729 765.967 257.433 424.156 701.442 449.044 270.2 740.228 369.658 1171.77 461.807 282.602 271.763
171 493.686 179.784 1054.8 175.384 -1 -1 430.43 704.734 428.63 267.109 765.646 354.519 1156.24 437.443 288.206 267.175
172 475.373 171.02 1034.89 154.557 -1 -1 438.386 703.133 410.5 262 787.468 335.948 1140.9 413.075 295.895 257.371
173 459.774 159.887 1015.09 132.832 -1 -1 448.494 695.729 394.979 255.354 804.947 313.842 1125.47 389.125 306.554 241.768
174 446.611 148.611 995.417 111.927 -1 -1 460.872 685.33 381.638 248.191 818.086 290.222 1109.73 366.605 319.975 223.437
175 433.5 139 975.531 93.949 839.5 129.132 474.287 676.852 368.7 242.86 830.537 268.962 1093.4 346.679 334.736 207.186
176 418.862 131.5 956 78.72 849.765 109 487.327 671.894 354.529 239.431 844.446 250.916 1077.4 328.679 349.066 195.058
177 405.862 124.5 938.854 65.0417 857.967 91.4426 499.685 666.712 341.755 236.082 856.091 234.659 1063.2 312.795 362.541 183.128
178 390.474 117.93 919.552 51.6042 868.667 73.6944 513.845 663.259 326.611 233.611 869.89 218.176 1046.9 296.443 378.321 171.91
179 374.068 111.475 895.074 38.0947 876.066 54.3421 534.702 657.388 311.389 232.389 881.954 198.379 1025.88 279.5 402.064 157.952
180 359 107.5 867.234 28.117 878.779 37.5714 561.68 651.311 297.345 233.764 890.011 178.333 1000.86 265.896 432.786 145.063
181 344.061 109.848 836.617 25.5745 879.312 28.4675 594.298 650.484 284.439 241.667 894.707 162.561 972.487 258.6 470.28 139.93
182 330.123 118.123 803.613 29.9355 876.813 26.12 631.984 653.849 273.258 255.742 896.013 150.711 940.899 257.443 513.382 142.348
183 316.75 129.838 768.667 37.1556 872.253 26.2267 673.366 658.488 263.095 273.095 894.89 140.233 907.32 258.987 560.816 147.118
184 303.73 143.541 732.699 46.6452 865.944 27.6901 717.05 663.322 253.879 293.03 892.181 130.486 872.48 262.147 610.857 153.587
185 290.558 161.156 696.44 59.1868 859.278 32.1528 762.197 670.949 245.077 316.677 888.151 123.061 837.139 268.292 662.434 163.962
186 277.392 182.266 662.632 74.3218 854.309 39.6912 805.125 682.508 236.279 342.882 885 119.292 804.375 276.625 711.167 179.63
187 263.062 200.494 633.744 86.1977 852.343 44.9403 842.617 693.827 226.352 365.958 884.092 116.031 776.451 282.155 753.617 193.6
188 248.727 213.5 607.701 92.954 850.846 45.8 876.576 700.236 215.722 384.042 884.274 110.129 751.829 283.929 791.296 201.321
189 231.674 220.472 584.706 92.9412 852.698 41.5397 907.057 703.291 201.734 396.38 888.339 101.712 730.939 279.848 825.468 203.559
190 208.698 223.917 564.607 89.1905 860.111 35.0794 936.383 708.537 181.654 405.949 897.649 93.0702 713.188 271.812 858.43 205.477
191 184.89 231.06 543.42 88.4198 866.542 30.7966 968.953 715.933 161.464 419.024 905.786 85.8929 694.151 266.061 894.942 209.977
192 166.87 241.97 524.203 91.8228 869.436 30.6727 998.456 723.671 147.124 434.551 909.538 81.6538 676.569 265.215 928.091 217.324
193 153.524 254.049 503.593 97.2593 866.673 31.1636 1028.45 727.713 137.438 451.494 908.627 77.098 657.092 266.908 961.466 222.875
194 149.294 261.549 481.141 100.346 856.076 28.4906 1055.09 719.331 136.903 464.28 901.021 68.1702 636.266 268.125 991.337 217.017
195 158.79 258.62 460.494 98.3253 836.5 20.5 1071.48 694.421 147.929 466.878 886 54 617.119 268 1009.9 195.563
196 181.634 250.832 442.714 95.5 810.396 11.7736 1077.13 661.876 170.644 463.25 865.133 39.2889 600.775 269.437 1016.71 168.373
197 217.609 244.272 429.978 97.1556 779.547 7.56604 1072.09 629.874 205.343 458.181 838.426 28.3191 588.11 276.767 1011.41 144.483
198 262.678 244.189 419.04 106.374 745.389 9.38889 1062.59 602.857 248.491 457.056 807.114 22.2045 576.558 292.104 1000.88 128.696
199 313.802 249.163 407.183 121.817 708 14.75 1052.48 579.547 297.944 459.907 772.068 18.9545 563.47 313.554 989.468 118
200 367.475 255.675 397.486 140.595 671.25 22.3846 1040.55 560.089 349 463 737 18 552.174 338.233 976.271 110.661
201 418 260.329 390.975 158.119 637.611 29.6111 1027.54 543.538 396.446 463.723 705 18 543.789 362.022 961.651 104.615
202 459.688 263.125 383.74 172.341 609.722 34.5185 1018.61 529.23 435.446 463.951 678.614 16.5682 535.356 381.678 951.899 98.1717
203 497.183 265.083 373.328 184.567 584.212 37.2308 1013.39 515.298 470.59 464.68 654.762 13.3571 524.298 398.702 946.255 90.9362
204 533.661 267.129 358.878 196.223 559 38.75 1011.13 501.396 504.653 465.891 631.59 9 510 414.919 943.978 83.0556
205 567.984 271.508 342.548 209.541 535.679 40.9434 1011 489.562 537.333 469.848 609.925 4.8 494.089 431.99 943.874 77.092
206 600.921 280.289 326.725 227.013 514.4 45.6 1011.32 481.595 568.435 477.33 589.732 3.43902 478.55 451.587 944.235 75.2716
207 628.926 291.937 315.331 246.357 497 52.75 1010.2 478.225 595.317 486.175 572.41 5 466.787 472.111 942.784 77.1081
208 659.723 302.705 308.669 267.62 478.627 61.1765 1005.42 475.346 623.577 492.764 554.122 8.46341 459.193 495.026 937.526 79.6667
209 699.825 307.925 310.131 290.017 454.431 69.5294 992.167 469.208 659.568 491.72 530.2 12.5 457.585 522.347 923.181 79.3889
210 747.256 310.149 321.242 317.344 424.9 80.62 971.356 462.247 701.64 485.596 501.075 19.2 463.872 557 900.849 78.9394
211 793.587 313.678 343.6 350.98 394.611 95.6111 946.75 458.838 742.351 478.883 470.829 30.5854 478.457 597.976 873.766 82.0469
212 833.611 319.239 378.178 390.047 366.389 115.389 919.059 459.971 777.165 473.078 441.81 47.0714 502.208 643.692 843.883 89.5833
213 868.495 326.411 423.493 434.442 339.393 138.768 889.81 464.286 807.5 467.865 413.581 67.9767 534.341 693.244 811.964 100.218
214 895.566 332.192 478.175 477.926 314.898 163.661 859.517 470.672 831 461.5 387.795 91.1136 573.893 741.957 779.255 111.647
215 919.169 334.281 540.695 519.322 290.068 188.475 828.464 475.857 851.047 452.459 362.133 114.711 619.395 789.456 745.49 121.673
216 937.588 334.275 607.033 556.983 267.047 212.766 798.346 481.25 866.763 442.675 338.571 138.327 667.966 833.635 712.781 130.659
217 950 331.986 674.179 587.206 247.2 234.892 769.92 486.02 876.929 432 318.431 160.529 717.987 870.647 681.75 138.389
218 957.067 325.667 735.61 604.917 231.319 251.638 744.714 488.735 882.522 419.739 302.6 178.4 765.197 896.452 654.8 142.457
219 961.245 316.094 787.644 610.568 218.208 261.167 723.92 488.38 885.206 406.111 290.426 190.111 806.19 911.54 632.056 142.639
220 964.196 302.98 831.011 605.447 206.521 263.877 706.5 484.5 887.049 390.557 280.611 195.611 841.427 917.506 613.556 138.444
221 966.132 286.302 869.011 590.215 195.767 259.89 691.4 477.4 887.887 372.935 272.4 195.891 873.27 915.057 597.119 130.119
222 966.056 269.13 905.103 569.625 186.703 253.905 676.792 469.938 886.839 354.806 265.789 194.509 904.453 908.106 581.488 121.023
223 961.185 250.315 940.885 540.583 181.728 245.383 661.78 462.78 881.345 335.741 263.389 192.389 937.551 892.791 565.333 111.333
224 954.698 230.132 982.061 507.291 177.707 236.439 644.429 455.673 873.932 314.831 261.726 191.129 976.08 874.181 546.388 101.388
225 941.146 205.583 1026.43 459.829 179.5 223 623.868 448.547 860 290.5 265.984 188.794 1020.7 842.267 523.673 89.5714
226 921.98 181.176 1066.79 405.341 187.821 206.853 602.641 442.321 840.879 265.776 276.03 185.939 1064.72 801.164 500.431 77.5294
227 900.827 160.038 1099.87 354.507 201.388 191.806 582.566 438.547 819.5 244.714 290.5 184.5 1103.4 759.07 478.094 68.0755
228 875.635 140.154 1125.45 302.925 222.238 175.314 563.175 436.439 794.564 225.327 311.097 183.167 1137.17 712.099 456 59.5
229 843.868 119.094 1140.91 244.631 253.964 153.099 543.932 434.525 763.22 205.305 341.356 179.068 1164.93 654.572 433.836 49.2623
230 808.625 97.1607 1145.56 184.846 293.388 125.388 526.25 432.6 728.246 185.351 378.575 171.163 1184.07 591.762 413.231 37.2154
231 771.5 76.3793 1139.31 128.429 339.016 94.568 512.125 430.734 691.475 167.068 421.409 159.92 1192.79 528.749 396.116 24.0145
232 737.117 55.65 1131.63 76.836 382.917 62.2045 499.5 427.2 656.983 149.35 463.133 146.756 1198.42 470.64 380.473 9.18919
233 707.39 36.5254 1117.89 32.0219 421.672 29.3125 492.055 421.534 627.397 133.603 500.5 129.83 1196.21 419.776 -1 -1
234 683.565 19.4355 1100.22 0.740741 453.279 1.32558 489.56 414.48 603.414 120.103 531.448 111.604 1188.68 377.567 -1 -1
235 664.258 5.74194 -1 -1 -1 -1 488.577 408.218 583.623 109.18 556.733 95.802 1181.28 344.226 -1 -1
236 -1 -1 -1 -1 -1 -1 488.494 404.938 566.597 102.113 578.75 84.75 1173.81 319.173 -1 -1
237 -1 -1 -1 -1 -1 -1 489.707 403.671 553.867 98.7167 595.284 77.1053 1165.78 302.514 -1 -1
238 -1 -1 -1 -1 -1 -1 490.116 404.709 544.542 97.2881 607.258 73.9775 1161.04 292.979 -1 -1
239 -1 -1 -1 -1 -1 -1 487.595 407.679 536.283 97.05 618.013 74.575 1160.5 286.847 -1 -1
240 -1 -1 -1 -1 -1 -1 482.552 410.529 527.5 95.3448 629.224 75.7632 1163.29 279.479 -1 -1
241 -1 -1 -1 -1 -1 -1 475.557 412.989 517.034 92.3621 643 76.7838 1167.77 269.942 -1 -1
242 -1 -1 -1 -1 -1 -1 469.034 417.449 504.5 90.5 659.639 78.7639 1170.22 260.377 -1 -1
243 -1 -1 -1 -1 -1 -1 464.185 423.63 489.5 90.5 679.729 80.9571 1168.77 250.227 -1 -1
244 -1 -1 -1 -1 -1 -1 462.34 430.876 473.436 91.4545 700.813 82.8 1163 240.638 -1 -1
245 -1 -1 -1 -1 -1 -1 464.081 439 459.389 95.3889 718.035 85.6047 1153.97 235.288 -1 -1
246 -1 -1 -1 -1 -1 -1 468.863 447.653 447.411 100.893 732.714 88.8242 1142.59 232.478 -1 -1
247 -1 -1 -1 -1 -1 -1 476.482 455.036 434.667 106.439 747.608 89.4608 1128.32 228.426 -1 -1
248 -1 -1 -1 -1 -1 -1 488.027 458.712 419.966 109.828 763.892 83.9412 1110.07 219.743 98.1429 608.238 -1 -1 -1 -1
249 -1 -1 -1 -1 -1 -1 500.549 462.93 405.5 114 778.882 78.5686 1091.19 211.971 -1 -1
250 -1 -1 -1 -1 -1 -1 512.029 467.514 392.414 118.103 792.36 74.54 1074.9 205.667 -1 -1
251 -1 -1 -1 -1 -1 -1 522.68 470.84 376.918 120.525 808.096 68.5 1059.36 196.295 -1 -1
252 -1 -1 -1 -1 -1 -1 534.487 475.8 359.81 123.286 825.253 62.6364 1043.13 186.714 -1 -1
253 -1 -1 -1 -1 -1 -1 548.804 484.098 340.333 128.889 843.907 58.3814 1024.71 178.649 -1 -1
254 388.788 1.42424 -1 -1 -1 -1 568.324 495.99 318.09 137.91 863.802 55.1458 1002.15 172.149 -1 -1
255 360.957 7.94286 -1 -1 -1 -1 595.142 512.575 292.94 151.463 884.054 53.087 974.591 168.125 -1 -1
256 330.89 21.7671 -1 -1 -1 -1 629.114 535.129 265.806 171.09 903.393 53.8652 942.69 168.172 -1 -1
257 299.779 41.4805 -1 -1 -1 -1 668.5 563.507 238.859 196.676 919.756 58.0233 909.671 172.707 555.425 14.175
258 268.556 70.7284 -1 -1 -1 -1 715.5 601.117 212.972 231.676 931.885 67.4615 873.81 185.367 608.473 53.5182
259 240.429 106.595 -1 -1 -1 -1 773.043 638.988 191.645 273.75 935.833 76.2083 832.566 202.513 673.871 97.5214
260 218.552 148.149 640.368 27.3218 -1 -1 833.65 674.982 177.467 321.053 931.162 85.5294 790.356 224.877 742.883 144.423
261 207.552 194.471 604.19 65.7262 884.258 23.3387 886.98 707.717 174.333 370.773 918.6 97.75 752.648 253.113 802.77 192.461
262 207.763 243.656 573.163 107.163 867.883 54.5833 930.558 735.891 181.962 420.833 899.964 111.655 719.5 286.2 851.006 238.241
263 216.362 289.862 543.829 146.61 846.1 81.2167 967.174 753.101 197.532 467.177 877 122.5 688.029 318.941 891.324 272.851
264 235.525 324.049 515.5 177.5 817.453 97.566 995.417 750.724 221.532 501.948 849.64 124.5 658.136 346.136 921.963 285.067
265 264.392 341.971 488.333 196.978 783.288 101.712 1013.73 728.61 253.035 521.224 819.5 116.708 631 366 942.217 274.508
266 297.952 342.371 464.649 203.617 748.321 95.6415 1022.86 694.134 286.447 524.365 790.5 101.708 607.958 376.597 952.685 247.306
267 336.5 329.5 447.5 201.5 713.811 84.434 1021.58 654.09 322.846 514.319 762 84.087 591.818 381.649 952.183 212.284
268 376.402 309.812 436.816 194.67 681.566 71.5472 1013.26 615.268 358.99 496.938 735.787 66.7447 581.615 384.128 943.842 177.238
269 412.724 287.552 431.053 185.018 653.655 58.5455 1001.97 581.049 391.081 476 712.936 51.2979 576.885 384 932.161 145.441
270 443.75 267.5 426.746 175.559 630.386 47.0351 992.283 553 418.299 457.551 693.875 37.5 573.054 383.13 922.5 119.109
271 469.773 252.327 420.821 168.821 610.414 38.1034 986.235 531.031 441.453 444.075 677.383 26.383 567.924 383.413 916.449 98.9438
272 492.654 241.048 412.97 164.038 592.559 31.0339 983.24 512.99 462.019 434.449 662.75 16.4167 560.802 384.854 913.656 82.8925
273 514.823 232.469 403.993 161.504 575.655 25.5455 981.398 497.237 482.147 427.367 648.205 7.75 552.786 387.776 912.09 69.4382
274 537.697 226.146 395.103 161.545 558.571 21.75 979.484 483.681 503.355 422.037 633.387 1.74194 544.385 392.837 910.512 58.5814
275 561.378 227.39 387.867 169.72 542.057 23.566 977.344 475.911 525.473 422.67 -1 -1 536.829 404.457 908.233 54.907
276 588.642 241.086 378.506 191.865 524.2 33.6 976.824 474.89 552.028 433.75 600.068 2.95455 526.1 427.191 907.37 60.5432
277 624.432 264.84 365.956 226.887 501.755 49.6981 976.905 477.143 586.737 452.939 576.81 11.0714 511.5 461.404 906.912 71.725
278 663.35 291.43 357.243 267.828 478.212 68.9231 973.692 480.615 624.28 472.568 551.81 22.0714 499.588 501.316 903.097 84.8333
279 697.722 311.53 362.674 304.76 457.722 87.5185 963 485.5 655.821 483.946 529.884 35.1163 500.377 538.202 890.957 97.0571
280 727.675 318.026 384.885 330.962 438.811 102.434 942.845 487 682.216 481.541 510 47.6667 515.893 568.347 869 104
281 753.845 310.3 423.79 345.364 419.929 112.982 913.611 484.694 704.038 465.457 490.81 59.0714 546.452 591.694 837.358 104.701
282 774.604 292.495 477.304 348.441 402.254 119.814 878 480 720.237 439.268 473.109 69.6304 590.128 607.737 799 101.06
283 788.947 269.674 543.891 342.976 386.274 124.919 837.884 474.58 730.382 408.135 457.979 80.8298 645.849 617.813 755.625 95.8281
284 801.741 245.012 620.271 334.049 368.941 129.618 794.776 468.776 739 375 441.72 93.2 709.926 626.685 708.818 89.3636
285 811.481 220.329 695.307 319.991 352.514 131.444 754.123 461.662 745.1 343.15 426.722 103.056 773.858 631.045 664.734 81.125
286 817.703 199.135 760.07 303.716 338.77 130.784 720.571 454.651 748.711 316.197 414.768 110.554 829.796 631.315 628.141 72.9219
287 823.533 182.2 810.836 289.604 326.362 129.3 695.095 448.095 752.151 295.329 404.414 115.103 873.902 630.931 600.25 65.1875
288 829.972 170.423 847.028 280.142 314.482 127.627 677.559 442.186 756.917 280.597 394.459 117.934 905.035 632.512 581.206 58.9048
289 836.803 164.042 867.125 276.514 304.429 126.595 668.258 437.742 762.794 272.452 385.877 118.4 921.754 636.223 571.381 54.5238
290 840.865 162.297 870.178 276.207 299.595 125.69 667.362 435.172 766.25 270.5 382.031 117.092 923.724 638.602 570.365 52.4286
291 837.737 163.303 858.706 273.546 304.286 123.476 672.186 435.559 763.819 272.611 386.188 114.375 914.598 633.866 575.597 52.1129
292 834.354 161.696 841.432 265.735 309.265 116.614 679.6 433.25 760.892 273.378 391.477 107.431 900.956 624.637 583.721 48.8525
293 830.734 153.494 827.911 247.828 312.963 103.975 684.864 426.576 757.068 267.946 396.5 96 891.477 608.29 589.639 39.9672
294 820.5 143.3 820.059 224.259 322.293 90.561 686.864 421.576 747.176 260.392 406.672 86.2031 888.253 585.629 591.615 31.3385
295 802.177 138.532 811.932 206.307 340.583 82.4762 688.623 423.18 730 257.689 424.106 82.5758 885.682 562.919 593.446 29.3231
296 778.634 143.122 800.622 201.506 366.099 83.0741 692.953 433.766 708.208 264 446.231 86.4308 879.323 546.88 597.5 36.5
297 751.866 158.793 785.671 211.335 396.346 93.7037 700.194 453.119 684.162 280.5 471.063 98.1563 868.423 540.301 605.097 54.7083
298 724.675 181.711 764.338 229.538 427.544 108.975 713 477.5 660.25 304.158 496.177 112.774 851.014 539.544 618.108 78.8513
299 700.131 205.976 736.903 248.136 455.041 123.068 730.843 500.871 639.373 329.933 518.183 123.817 827.377 540.572 636.895 102.5
300 680.46 226.77 708.885 262.338 476.042 132.139 749.833 518.736 623 352.618 535.439 129.825 803.094 540.508 657.133 120.56
301 662.553 236.471 689.141 263.673 493.075 132.866 763.767 528.89 607.507 364.933 550.439 130.035 786.984 533.024 672.139 129.367
302 637.929 228.729 680.881 241.497 514.632 120.691 769.118 531.342 584.11 360.767 571.379 123.224 783.62 507.479 677.781 126.012
303 606.382 210.685 678.854 205.39 542.015 100.746 769.633 530.19 553.289 347.342 598.864 112.424 787.574 470.164 678.411 115.822
304 570.833 192 675.105 168.657 572.986 79.0986 771.881 529.5 518.59 333.747 629.82 100.689 790.23 430.77 680.34 104.723
305 534.198 177.22 668.935 137.677 604.986 60.0986 776.689 531.967 483.086 323.914 661.567 90.6167 790.078 395.291 685.167 96.5294
306 502.429 166.407 662.107 114.262 632.493 44.9178 782.792 535.052 452.205 317.41 688.823 82.2258 788 367.242 691.443 90.5
307 481.489 160.815 656.655 101.655 650.279 35.7377 787.949 538.306 432 314.5 706.508 77.661 785.835 350.876 696.991 87.5909
308 473.926 155.883 659.971 94.9423 658.065 30.5435 785.05 538.64 424.28 309.793 713.734 76.125 789.971 343.186 693.765 84.9478
309 469.066 145.604 679.868 84.5537 667.366 25.6098 767.366 538.812 417.688 297.525 722.049 78.5574 809.455 334.409 673.748 81.313
310 459.034 131.614 710.229 68.7049 685.514 19.4286 739.552 541.981 405.364 280.247 737.627 84.1864 839.897 320.626 642.299 77.9231
311 444.831 117.446 745.034 51.4958 710.606 13.2424 706.336 548.518 388.943 261.957 759.262 92.8923 874.895 304.571 604.192 76.475
312 428.308 106.346 778.974 36.7217 741.613 9.3871 671.411 560 370.085 246.451 785.092 104.769 909.8 289.38 563.69 79.2698
313 410.753 100.636 810.6 28.0727 776.216 11.2162 636.685 577.757 350.94 236.463 812.451 121.549 942.105 278.832 522.864 89.2727
314 392.689 102.486 838.913 27.8932 814.933 21.4889 603.336 604.716 331.877 233.692 840.855 145.197 970.621 274.529 483.042 110.592
315 373.614 111.943 861.585 36.0745 855.804 40.5 573.63 641.462 312.345 238.5 869.963 174.438 993.458 276.458 446.98 143.486
316 355.279 125.412 878.344 48.9111 895.333 64.2879 549.5 682.35 294.767 248.033 896.614 205.133 1009.75 282.364 417.071 182.643
317 341.97 137.061 889.568 60.0795 925.932 84.8767 531.484 716.258 281.772 256.719 916.628 229.919 1020.93 288.176 394.728 216.399
318 334.714 144.19 896.453 66.8023 943.974 97.7105 520.464 736.88 274.607 261.911 928.318 245.011 1027.53 291.919 380.856 237.106
319 334.18 144.574 898.699 67.4096 946.319 99 517.392 739.144 274.203 261.898 929.667 247.5 1029.8 292.293 377.082 239.377
320 341.274 139 895.929 62.5714 932.333 90.2879 523.317 723.317 280.983 257.379 920.321 237.357 1026.93 290.356 384.895 223.725
321 355.323 130.923 887.798 56.1685 903.321 75.5893 538.37 694.538 294.603 251.397 900.181 218.277 1018.56 288.469 403.916 196.916
322 377.015 123.791 877.229 51.9167 862.565 61.6087 558.385 660.453 316.083 246.167 870.351 196.117 1006.65 290.941 429.048 167.616
323 406.864 114.136 870.981 47.4476 815 47.7333 573.927 621.764 345.032 238.065 833.877 173.945 998.602 295.807 449.537 135.463
324 441.157 98.0714 871.15 36.1239 764.769 28.6923 582.303 578.376 377.823 223.032 795.072 148.928 996.825 297.093 461.496 97.48
325 470.586 76.9 869.61 16.0894 -1 -1 589.553 536.01 405.077 203.892 763.292 119.662 994.904 290.5 471.639 57.2437
326 490.833 54.7917 -1 -1 -1 -1 598.382 498.647 423.46 184.937 741.034 89.322 988.934 277.425 483.261 19.5586
327 508.468 34.7403 -1 -1 -1 -1 609.667 465.899 439.928 168.333 721.123 60.2982 979.431 264.474 -1 -1
328 527.143 18.6883 -1 -1 -1 -1 622.1 437.79 457.411 155.37 700.19 34.9828 967.524 255.839 -1 -1
329 543.962 7.4359 -1 -1 -1 -1 634.214 416.327 473.589 146.973 681.448 15.6866 954.931 251.061 -1 -1
330 557.576 3.01515 -1 -1 -1 -1 649.854 402.042 487.12 144.667 665.577 2.15385 937.191 250.963 -1 -1
331 574.554 3.44595 -1 -1 -1 -1 674.051 390.306 504.813 149.825 -1 -1 907.307 258.117 -1 -1
332 595.8 8.92222 -1 -1 -1 -1 701.278 381.511 527.295 160.41 -1 -1 872.048 272.575 -1 -1
333 619.848 17.3587 -1 -1 -1 -1 726.326 374.472 552.265 172.614 -1 -1 837 291.142 -1 -1
334 644.247 20.8454 -1 -1 -1 -1 745.581 364.581 576.624 179.376 -1 -1 807.365 304.455 -1 -1
335 672.796 16.7653 -1 -1 -1 -1 756.617 350.049 604.364 177.807 -1 -1 786.431 313.772 -1 -1
336 707.061 10.3636 -1 -1 -1 -1 757.117 335.286 636.552 171.471 -1 -1 779.483 326.034 -1 -1
337 740.538 7.21505 -1 -1 -1 -1 750.032 325.444 667.782 165.851 -1 -1 784.967 343.863 -1 -1
338 765.2 5.05263 -1 -1 -1 -1 738.148 319.541 690.605 159.5 -1 -1 800.579 359.274 -1 -1
339 777.781 2.64063 -1 -1 -1 -1 722.367 317.05 701.632 151.322 -1 -1 825.648 367.179 -1 -1
340 781.125 0.875 -1 -1 -1 -1 702.118 318.044 703.683 142.646 -1 -1 860.365 370.475 -1 -1
341 -1 -1 -1 -1 -1 -1 679.043 319.943 700.266 132.43 -1 -1 901 369.27 -1 -1
342 -1 -1 -1 -1 -1 -1 654.5 324 694.32 123.949 -1 -1 944.08 368.493 -1 -1
343 -1 -1 -1 -1 -1 -1 632.043 330.943 687.053 119.347 -1 -1 983.081 370.452 -1 -1
344 -1 -1 -1 -1 -1 -1 614.548 336.288 679.877 115.644 -1 -1 1012.66 369.788 -1 -1
345 -1 -1 -1 -1 -1 -1 599.243 340.371 672.155 111.451 462.833 2.12963 1037.92 366.529 -1 -1
346 -1 -1 -1 -1 -1 -1 584.257 345.8 663.887 108.521 469.64 9.95506 1061.46 363.856 -1 -1
347 -1 -1 -1 -1 -1 -1 570.085 352.254 653.803 106.676 478.957 20.1915 1082.85 360.251 -1 -1
348 -1 -1 -1 -1 -1 -1 560.053 355.587 644.565 103.522 488.247 25.2062 1096.63 353.201 -1 -1
349 -1 -1 -1 -1 -1 -1 551.405 357.919 634.323 99.9231 499.198 28.0417 1107.51 343.497 -1 -1
350 -1 -1 -1 -1 -1 -1 539.44 358.973 625.076 93.8182 509.096 30.1915 1123.74 332.792 -1 -1
351 -1 -1 -1 -1 -1 -1 522.947 362.347 618.97 89.0606 514.477 38.4091 1148.06 329.039 -1 -1
352 -1 -1 -1 -1 -1 -1 501 369.382 614.371 85.9516 517.967 53.8462 1181.18 331.468 -1 -1
353 -1 -1 -1 -1 -1 -1 475.289 379.803 609.119 84.661 521.673 75.8673 1219.71 337.567 -1 -1
354 -1 -1 -1 -1 -1 -1 447.347 390.053 604.316 82.2281 525.578 99.211 1261.45 342.896 -1 -1
355 -1 -1 -1 -1 -1 -1 415.76 392.76 598.889 71.8519 529.664 114.931 -1 -1 -1 -1
356 -1 -1 -1 -1 -1 -1 382 391.618 591.9 57.62 536.664 126.234 -1 -1 -1 -1
357 -1 -1 -1 -1 -1 -1 350.267 393.44 583.4 46.6 547.156 140.067 -1 -1 -1 -1
358 -1 -1 -1 -1 -1 -1 323.458 399.806 572.783 41.2826 563.056 156.694 -1 -1 -1 -1
359 -1 -1 -1 -1 -1 -1 303.203 410.174 558.571 40.5306 585.813 173.727 -1 -1 -1 -1
360 -1 -1 -1 -1 -1 -1 289.5 422.559 541.109 42.6304 615.151 186.882 -1 -1 -1 -1
361 -1 -1 -1 -1 -1 -1 282 434.735 520.109 45.6304 650.568 193.277 -1 -1 -1 -1
362 -1 -1 -1 -1 -1 -1 280.667 445.213 495.851 47.8085 690.595 190.635 -1 -1 -1 -1
363 -1 -1 -1 -1 -1 -1 288.5 454.875 470.043 51.6809 730.281 181.384 -1 -1 -1 -1
364 -1 -1 -1 -1 -1 -1 301 462.554 444.896 55.4792 766.806 168.389 -1 -1 -1 -1
365 -1 -1 -1 -1 -1 -1 314.874 469.611 419.52 59.26 801.173 154.971 -1 -1 -1 -1
366 -1 -1 -1 -1 -1 -1 328.107 479.903 394.4 64.6 833.781 145.847 1267.55 184.981 -1 -1
367 -1 -1 -1 -1 -1 -1 342.028 494.954 368.442 73.1346 865.785 141.274 1234.64 175.4 -1 -1
368 -1 -1 -1 -1 -1 -1 355.974 513.803 339.98 82.6274 899.5 138.953 1202.96 166.462 -1 -1
369 -1 -1 -1 -1 -1 -1 369.825 534.683 309.407 92.5185 934.563 136.929 1172.77 157.034 -1 -1
370 -1 -1 -1 -1 -1 -1 382 553.423 276.704 99.0185 971.454 131.479 1146.21 143.561 -1 -1
371 -1 -1 -1 -1 -1 -1 393.041 571.304 243.564 103.545 1008.15 124.84 1122.5 129 -1 -1
372 -1 -1 -1 -1 -1 -1 409.438 584.806 207.389 105.389 1045.12 111.327 1096.53 110.053 -1 -1
373 -1 -1 -1 -1 -1 -1 434.809 596.848 172.814 108.983 1075.11 95.7636 1067.61 94.2394 -1 -1
374 -1 -1 -1 -1 -1 -1 468.11 614.152 142.429 118.625 1096.29 85.97 1037.23 86.6377 -1 -1
375 -1 -1 -1 -1 -1 -1 508.132 638.234 111.103 133.259 1114.79 79.6735 1005.6 83.0462 -1 -1
376 -1 -1 -1 -1 -1 -1 553.773 664.9 78.2414 149.534 1131.9 73.6237 973.4 80.25 404.502 6.75556
377 112.741 3.18966 -1 -1 -1 -1 604.603 687.422 45.0968 164.419 1146.53 64.4941 941.525 76.0678 463.494 16.5564
378 71.1475 3.37705 -1 -1 -1 -1 674.127 696.701 6.96774 176.403 1158.01 43.68 902.717 66.15 546.337 8.58333
379 29.1935 4.22581 -1 -1 -1 -1 761.031 697.322 -1 -1 1160.59 19.6087 858.389 57.6111 650.972 1.34722
380 -1 -1 -1 -1 -1 -1 847.407 702.726 -1 -1 1158.34 2.875 816.807 54.9123 756.667 0.615385
381 -1 -1 -1 -1 -1 -1 900.601 714.261 -1 -1 -1 -1 792.474 57.0702 820.202 5.54321
382 -1 -1 -1 -1 -1 -1 939.299 729.112 -1 -1 -1 -1 775.811 60.566 866.646 19.163
383 -1 -1 -1 -1 -1 -1 978.105 737.871 -1 -1 -1 -1 759.673 60.5636 913.53 24.5109
384 -1 -1 -1 -1 -1 -1 1002.32 743.873 -1 -1 -1 -1 750.778 58 942.829 24.6029
385 -1 -1 -1 -1 -1 -1 1026.45 755.757 -1 -1 -1 -1 743.712 54.7115 972.163 27.7364
386 -1 -1 -1 -1 -1 -1 1058.58 769.735 -1 -1 -1 -1 734.283 51.2075 1011.45 30.7241
387 -1 -1 -1 -1 -1 -1 1097.59 784.211 -1 -1 -1 -1 722.596 47.7308 1059.49 34.3764
388 -1 -1 -1 -1 -1 -1 1143.53 800.194 -1 -1 -1 -1 708.712 45.7115 1115.8 40.6437
389 -1 -1 -1 -1 -1 -1 1200.71 806.042 -1 -1 -1 -1 691 40.75 1186.7 34.0858
390 -1 -1 -1 -1 -1 -1 1251.76 807.477 -1 -1 -1 -1 674.84 37.14 1250.12 26.2638
391 -1 -1 -1 -1 -1 -1 -1 -1 -1 -1 -1 -1 655.588 34.3333 -1 -1
392 -1 -1 -1 -1 -1 -1 -1 -1 -1 -1 -1 -1 636 35.75 -1 -1
393 -1 -1 -1 -1 -1 -1 -1 -1 -1 -1 -1 -1 615.288 42.7115 -1 -1
394 -1 -1 -1 -1 -1 -1 -1 -1 -1 -1 -1 -1 591.5 51.5 -1 -1
395 -1 -1 -1 -1 -1 -1 -1 -1 -1 -1 -1 -1 566.547 59.434 -1 -1
396 -1 -1 -1 -1 -1 -1 -1 -1 -1 -1 -1 -1 541.852 64.5 -1 -1
397 -1 -1 -1 -1 -1 -1 -1 -1 -1 -1 -1 -1 515.491 70.2105 -1 -1
398 -1 -1 -1 -1 -1 -1 -1 -1 -1 -1 -1 -1 486.393 74.3929 -1 -1
399 -1 -1 -1 -1 -1 -1 -1 -1 -1 -1 -1 -1 457 80.127 -1 -1
400 -1 -1 -1 -1 -1 -1 -1 -1 -1 -1 -1 -1 428 89.127 -1 -1
401 -1 -1 -1 -1 -1 -1 -1 -1 -1 -1 -1 -1 398.123 101.123 -1 -1
402 -1 -1 -1 -1 -1 -1 -1 -1 -1 -1 -1 -1 366.8 114.385 -1 -1
403 -1 -1 -1 -1 -1 -1 -1 -1 -1 -1 -1 -1 333.136 126.864 -1 -1
404 -1 -1 -1 -1 -1 -1 -1 -1 -1 -1 -1 -1 298.157 134.071 -1 -1
405 -1 -1 -1 -1 -1 -1 -1 -1 2.0597 563.045 -1 -1 263.901 139.901 -1 -1
406 -1 -1 -1 -1 -1 -1 -1 -1 50.7742 569.185 -1 -1 234.354 148.646 -1 -1
407 51.5929 159.829 -1 -1 -1 -1 -1 -1 113.926 574.246 -1 -1 212.288 163.038 -1 -1
408 124.447 167.627 -1 -1 -1 -1 -1 -1 180.609 577.609 -1 -1 194.361 180.373 -1 -1
409 201.421 172.963 -1 -1 -1 -1 -1 -1 249.221 575.534 -1 -1 180.211 198.467 -1 -1
410 279.043 175.186 -1 -1 -1 -1 -1 -1 316.434 567.41 -1 -1 171.779 216.716 -1 -1
411 354.976 170.857 -1 -1 -1 -1 -1 -1 380.996 551.575 -1 -1 167.172 233.101 -1 -1
412 431.993 162.594 -1 -1 -1 -1 -1 -1 445.664 532.092 -1 -1 163.632 249.255 -1 -1
413 516.774 151.866 -1 -1 -1 -1 1277.68 314.903 517.071 510.249 -1 -1 156.609 267.609 -1 -1
414 603.291 147.96 -1 -1 -1 -1 1247.55 304.803 590.979 494.749 -1 -1 146.099 291.479 -1 -1
415 690.309 151.496 -1 -1 -1 -1 1218 297.569 665.648 485.908 -1 -1 132.723 322.031 -1 -1
416 776.642 161.498 -1 -1 -1 -1 1189.06 293.609 739.732 481.027 -1 -1 119.942 359.626 -1 -1
417 862.835 175.619 -1 -1 -1 -1 1159.85 291.952 813.433 478.365 -1 -1 108.101 404.622 -1 -1
418 950.464 184.77 -1 -1 -1 -1 1130.44 287.949 888 471.192 -1 -1 94.3171 453.268 -1 -1
419 1027.55 190.158 -1 -1 -1 -1 1101.7 284.185 953.016 460.654 -1 -1 85.1412 502.35 -1 -1
420 1084.75 186.548 -1 -1 -1 -1 1070.68 280.585 1000.89 441.318 -1 -1 91.127 545.328 -1 -1
421 1125.48 182.051 -1 -1 -1 -1 1037.14 279.88 1034.55 419.812 -1 -1 113.83 589.102 -1 -1
422 1153.99 184.509 -1 -1 -1 -1 1003.24 284.24 1058.43 403.893 -1 -1 148.887 639.268 -1 -1
423 1173.04 194.834 -1 -1 180.35 2.4 969.653 293.347 1074.56 394.854 -1 -1 194.625 697.259 -1 -1
424 1185.56 211.959 48.2441 415.916 158.044 27.9333 938.26 306.52 1085.44 392.831 -1 -1 246.252 761.917 -1 -1
425 1196.06 228.423 119.868 479.725 137.596 52.9362 911.37 318.891 1094.54 393.462 -1 -1 293.906 823.898 -1 -1
426 1201.23 240.818 181.019 530.94 122.54 73.4 890.795 329.114 1099.45 394.131 -1 -1 334.418 872.49 -1 -1
427 1199.91 245.205 236.157 559.277 112.82 86.9 874 336 1098.14 390.588 -1 -1 372.147 901.639 -1 -1
428 1187.15 242.207 293.033 561.161 110.358 94.3208 858.913 341 1086.94 382.361 -1 -1 413.306 908.42 -1 -1
429 1163.19 234.185 348.667 538.773 116.444 96.3333 845.913 345 1065.72 371.563 -1 -1 456.153 892.928 -1 -1
430 1127.44 223.16 396.266 495.45 133.649 92.9474 836.471 349.431 1033.85 360.153 -1 -1 496.216 855.065 -1 -1
431 1080.24 210.61 435.931 437.993 161.737 85.5263 830.359 354.679 991.609 349.098 259.933 1.56667 533.032 799.836 -1 -1
432 1020.53 199.171 468.146 376.429 201.632 76.2281 827.5 363.286 937.86 340.656 298.045 2.81818 566.592 733.282 748.182 0.954545
433 949.568 187.279 496.263 312.945 251.964 64.6182 826.25 374.4 873.181 332.585 345.75 4.61538 598.705 659.601 746.5 1.89474
434 872.097 168.272 525.345 244.584 307.745 47.0588 823.061 384.152 801.678 318.244 399.5 3.57692 633.337 580.989 742.5 0.909091
435 797.602 139.571 559.258 173.52 362.042 22.9583 813.64 389.12 731.011 293.833 -1 -1 673.067 503.096 -1 -1
436 730.948 108.979 595.288 110.342 -1 -1 799.039 391.947 666.667 265.966 -1 -1 714.188 434.539 -1 -1
437 673.372 84.0532 634.909 61.9495 -1 -1 778.482 397.176 609.719 241.122 -1 -1 757.369 380.465 -1 -1
438 627.264 65.8571 680.831 28.3989 -1 -1 750.172 406.345 563.367 219.81 588.304 0.869565 804.986 341.89 -1 -1
439 595.609 52.8736 729.452 6.06627 -1 -1 716.077 416.176 530.577 201.603 618.97 9.97015 853.584 316.956 -1 -1
440 576.741 45.4938 -1 -1 -1 -1 682.728 426.446 510.189 188.486 640.099 24.0986 897.333 304.037 -1 -1
441 564.128 41.2051 -1 -1 -1 -1 654.378 435.5 496.171 179.329 656.055 37.2055 932.127 296.079 98.1429 608.238 -1 -1 -1 -1
442 552.373 35.92 -1 -1 -1 -1 630.925 442.032 483.254 170.821 671.475 46.675 960.016 286.91 -1 -1
443 534.699 26.8493 -1 -1 -1 -1 610.137 446.274 464.809 159.838 693.573 50.6585 982.458 269.658 -1 -1
444 517.297 15.2162 -1 -1 -1 -1 585.948 448.792 445.97 146.167 717.241 53.5747 1007.59 250.061 -1 -1
445 503.514 6.18571 -1 -1 -1 -1 559.849 452.768 430.879 134.485 738.378 59.5222 1033.97 234.973 -1 -1
446 493.043 2.15217 -1 -1 -1 -1 535.171 458.457 419 126.231 756.094 67.8542 1057.79 225.119 -1 -1
447 -1 -1 -1 -1 -1 -1 514.019 465.449 409.141 120.875 771.86 76.97 1077.59 218.568 -1 -1
448 472.5 1.23077 -1 -1 -1 -1 496.673 476.809 397.197 119.77 789.942 88.3173 1091.55 214.591 -1 -1
449 455.222 4.07937 -1 -1 -1 -1 483.5 495.073 380.4 123.75 813.337 102.663 1098.45 212.089 98.1429 608.238 -1 -1 -1 -1
450 433.152 8.93939 -1 -1 -1 -1 474.252 514.738 358.5 128.5 842.065 114.383 1098.99 206.713 -1 -1
451 407.5 7.5 -1 -1 -1 -1 471.409 527.518 333.052 128.845 873.768 114.639 1092.53 192.552 -1 -1
452 383.532 5.70968 -1 -1 -1 -1 482.256 535.222 309.864 130.78 898.192 106.962 1075.01 178.875 -1 -1
453 364.891 14.3594 -1 -1 -1 -1 505.899 549.558 293.138 143.466 910.392 105.216 1049.6 178.917 367.754 6.78689
454 350.03 35.0299 -1 -1 -1 -1 538.676 573.779 281.65 167.65 913.747 112.158 1018.76 192.026 405.309 35.2716
455 336.971 64.0588 -1 -1 -1 -1 581.319 603.043 273.068 200.475 910.54 122.046 982.013 212.68 454.354 72.4949
456 326.366 96.6901 800.461 4.95506 877.317 1.63415 631.212 630.212 267.81 237.238 901.875 129.5 940.653 235.947 512.257 109.947
457 319.736 129.667 763.839 37.2299 865.976 24.6145 678.842 653.85 266.154 273.8 890.11 136.233 902.52 259.56 566.648 144.324
458 314.905 158.297 737.184 64.8966 858.231 46.1026 714.223 674.677 265.906 304.547 881.25 143.722 874.233 279.89 607.008 174.653
459 311.487 183.295 718.145 88.6024 853.227 64.84 739.917 693.699 266.047 330.766 874.636 152.227 853.653 297.625 636.142 201.764
460 309.76 209.76 701.143 113.798 847.513 84.9865 763.382 713.183 267.887 357.403 867.108 162.2 835 317 662.453 230.007
461 308.351 240.182 682.602 141.625 841.333 106.875 788.647 734.91 270.433 387.612 858.762 173.19 814.794 338.5 690.915 261.085
462 305.544 271.456 662.593 169.023 835.735 127.206 815.626 756.153 271.971 419.059 851.098 183.213 793.328 359.149 720.971 291.417
463 301.293 300.16 641 192.5 830.323 142.877 843.808 774.031 271.887 448.403 844.571 189.25 771 376.119 752.367 316.338
464 293.244 323.333 616.471 208.129 826.033 150.3 875 785.45 268.06 474 841.035 188.614 746.939 385.848 786.91 332.284
465 277.964 340.702 586.571 214.917 824.125 148.571 912.425 791.85 257.5 496.371 841.5 180.5 718.969 386.875 828.292 339.662
466 255.384 356.36 550.854 216.159 824.278 141.037 957.841 795.27 240.378 519.108 845.25 167 686.714 382 878.916 342.191
467 225.707 374.804 510.646 216.57 825.887 132.321 1011.95 800.359 217.667 546.59 850.702 151.936 650.217 375.317 938.326 345.698
468 193.851 397.691 464.487 218.333 824.104 122.5 1074.47 802.881 194.346 579.859 853.523 134.864 608.75 369.571 1006.92 346.828
469 167.833 412.686 424.587 215.973 819.467 110.933 1127.44 796.667 175.651 605.301 853.975 116.675 573.068 362.475 1064.86 339.081
470 154.449 421.981 391.708 213.917 809.878 100.146 1165.68 782.587 167.822 623.267 849.071 100.19 543.75 357.571 1106.74 324.879
471 157.404 430.5 364.054 216.189 793.69 93.3095 1190.19 762.836 174.645 637.548 837.128 86.8718 518.5 359.138 1133.14 308.028
472 179.862 439.496 342.545 225.364 770.95 92.075 1197.43 740.619 198.878 648.735 817.105 78.7895 498.4 369.067 1140.98 292.172
473 223.208 455.416 328.455 246.636 741.545 100.25 1188.92 721.218 241.631 660.951 789.105 78.7895 483.23 392 1130.83 283.424
474 274.893 479.252 317.821 278.128 710.93 115.465 1175.11 708.722 291.771 677.295 758.211 84.8947 470.672 423.918 1114.65 283.769
475 324.632 508.489 304.728 313.556 681.5 132 1165.87 700.207 340.255 698.934 728.243 92.2432 455.574 458.492 1103.58 288.111
476 367.523 539.394 291.881 349.333 656.651 148.814 1160.33 696.684 382.303 722.046 702.571 100.229 440.766 491.953 1096.26 295.56
477 407.215 570.444 279.593 385.081 634.244 165 1155.85 694.959 420.87 745.176 679.5 108.5 426.698 524.683 1090.7 303.652
478 440.095 599.825 268.376 417.624 616.048 179.5 1153.51 695.222 453.185 767.111 660.206 116.088 413.892 553.8 1087.18 312.12
479 471.546 626.007 258.348 448.551 599.5 192.8 1150.76 695.235 483.252 786.477 642.545 123.212 402.2 581.108 1083.51 319.137
480 503.813 649.59 251.437 479.391 583 206 1145.06 695.029 513.385 802.459 625.367 130.633 393.5 608.909 1076.94 325.827
481 534.889 670.785 246.711 509.433 567.718 219.103 1138.53 695.182 541.99 816.058 608.724 138.586 386.91 635.91 1069.36 332.232
482 564.074 690.133 241.409 537.914 553.075 230.8 1132.91 694.97 568.667 828.694 593.5 145.5 379.727 661.273 1062.95 337.316
483 593.022 704.277 232.819 561.585 538.075 238.2 1128.83 690.077 594.804 837.971 578.633 148.367 370.176 682.956 1058.6 336.81
484 624.971 708.321 221.854 578.802 520.703 239.865 1123.67 677.951 622.943 839.491 562.419 145.935 359.5 700 1053.28 327.93
485 660.839 703.531 210.524 592.049 500.789 237.842 1116 660.475 653.852 833.5 544.724 140.414 348.957 715.057 1045.63 313.161
486 697.343 690.093 205.01 602.343 480.447 234.921 1103.76 642.097 684.284 819.624 526.633 135.367 343.697 729.263 1033.22 296.509
487 728.978 672.777 211.702 612.325 462.975 235.325 1086.14 628.456 709.936 800.624 510.633 134.367 348.436 743.91 1015.02 284.527
488 757.689 653.258 234.545 626.306 446.718 241.949 1060.74 620.448 732.206 777.271 494.633 140.367 365.598 763.317 988.46 278.36
489 780.189 630 274.913 640.365 432.244 253 1028.05 617.164 748.97 748.188 479.5 152.5 397.391 784.138 953.808 276.481
490 795.602 600.531 328.818 648.53 420.455 265.25 990.429 615.554 759.031 713.34 466.613 167.258 440.189 801.589 914.294 275.431
491 807.147 569.696 387.517 652.196 409.444 276.933 952.211 613.509 765.795 677.284 454.794 182.088 487.814 816 873.704 273.389
492 816.239 537.413 444.377 649.298 398.708 284.5 916.389 608.611 770.711 641.458 443.944 193.75 534.34 825.144 835.5 268.096
493 824.82 504.416 501.189 642.396 387.143 289.857 881.382 601.691 775.43 605.266 432.833 203.5 581.459 831.532 798.359 259.981
494 831.305 475.366 551.415 632.726 376.611 292.611 851.327 594.564 778.649 573.818 423.184 210.684 623.477 834.793 766.585 251.321
495 839.188 456.35 595.116 632.295 365.673 298.836 826.473 590.218 783.973 551.595 412.921 219.632 659.319 843.752 739.764 246.782
496 849.789 446.553 634.083 643.261 353.267 310.083 805.218 588.818 792.243 537.5 400.2 231.075 689.722 861.191 716.943 246.642
497 863.569 439.486 672.168 660.266 337.525 322.932 785.143 587.375 803.881 526 384.976 243.415 718.658 883.725 695.46 247.16
498 880.614 430.786 711.161 678.233 318 334.5 765.453 583.094 817.97 512.97 366.5 254 747.782 908.742 674.471 244.431
499 899.242 417.242 753.657 692.929 294.951 342.672 744.769 574.596 833.877 496 345.348 261.5 779.577 933.077 652.5 237.5
500 915.317 399.873 800.929 700.495 271.731 347.985 723.306 564.939 846.983 475.583 325.213 267.511 816.131 953 629.42 228.38
501 928.283 380.933 860.886 705.755 248.09 355.91 697.469 556.571 857.339 453.102 304.571 277.327 863.392 972.937 602.217 220.37
502 933.132 360.094 928.85 700.464 230.239 364.38 668.889 550.889 859.982 428.852 289.176 289.627 919.689 983.821 571.217 214.239
503 927.348 340.261 995.914 683.468 222.532 373.766 639.63 549.891 853.107 406.464 282.434 304.811 979.138 981.967 539.234 211.447
504 911.419 324.233 1057.38 658.504 227.385 385.872 610.13 555.152 836.745 387.647 286 324.679 1037.45 968.263 506.867 214.711
505 884.868 312.368 1108.31 627.252 247.224 401.353 580.25 568 811.391 373.304 301.862 349.5 98.1429 608.238 1091.05 942.993 -1 -1 473.64 224.5
506 850.657 303.4 1147.38 591.066 281.5 418.5 550.574 586.83 778.19 362.405 329 377.5 1137.53 907.883 440.157 239.824
507 811.719 296.25 1174.04 553.262 327.99 435.313 521.365 610.154 740.929 354.19 365.177 406.306 1174.74 866.794 406.679 258.585
508 772.5 290.765 1191.52 516.664 380.951 450.524 493.5 635.148 703 347.5 406 434 1203.88 825.198 374.607 278.768
509 735.361 286.472 1201.46 484.704 436.202 463.725 467.862 660.5 667.146 342.659 448.043 459.057 1224.8 786.486 344.579 299.509
510 698.906 281.063 1210.28 453.333 494.783 476.122 440.825 686.561 631.8 337.075 492.347 484.053 1244.52 748.812 312.841 320.571
511 666.432 271.622 1209.69 417.157 549.354 472.126 419.825 704.561 599.763 328.763 535.28 494.893 1254.53 707.511 287.471 332.074
512 637.297 263.541 1207.58 386.667 600.18 467.195 401 721.5 570.974 321.59 574.598 503.683 98.1429 608.238 1261.29 671.912 -1 -1 264.634 342.775
513 611.588 256.5 1207.3 361.5 647.934 464.934 382 738.5 545.432 315.568 611.136 513.864 1268.82 642.353 241.5 354
514 587.778 248.917 1206.49 337.049 693.734 459.902 363.571 753.508 521.725 308.925 646.356 521.483 1274.92 613.795 219.026 363.105
515 564.459 240.432 1204.2 312.013 739.375 450.632 345.848 766.939 497.946 301.432 681.892 525.892 1277.41 584.676 196.901 370.272
516 541.861 230.389 1200.25 285.764 784.091 436.669 328.838 778.25 475.079 292.947 717.298 526.606 -1 -1 175.524 374.345
517 518.975 220.675 1192.61 260.47 827.782 419.141 314.652 789 452 285 753.121 523.717 -1 -1 156.933 377.292
518 497.357 215.238 1181.06 241.897 868.057 405.209 305.587 802.64 430.684 281.816 785.96 520.93 1275.41 501.955 144.301 384.086
519 471.975 214.675 1161.8 227.662 912.487 393.362 301.493 823.818 405.769 283.154 822.369 517.961 1261.47 479.985 137.219 398.604
520 441.707 219.073 1129.34 217.774 955.79 379.699 310.152 851.633 377 291.59 860.158 509.238 1233.65 459.645 144.136 419.835
521 409.163 227.814 1086.96 210.944 991.424 362.448 332.647 881.941 347.128 305.128 894.559 493.624 1195.45 441.333 167.395 443.404
522 375.283 237.217 1038.44 203.327 1017.55 338.553 368.239 909.054 316.025 320.675 924.411 469.322 1150.79 422.569 205.378 463.042
523 340.283 241.783 989.182 190.4 1037.03 305.86 409.929 928.091 284.025 332.675 951.506 437.181 1105.95 399.379 250.519 471.953
524 305.694 238.224 942.032 169.468 1050.39 263.222 454.564 933.673 251.4 337.822 975.938 397.37 1064.17 370.627 299.342 464.188
525 274.389 230.389 897.742 146.167 1055.25 218.388 502.292 927.758 222.191 339.149 994.247 354.364 1024.95 341.678 352.564 443.613
526 249.103 210.414 862.286 114.243 1055.19 166.976 541.282 902.366 197.12 328.74 1008.81 307.633 995.183 308.05 98.1429 608.238 -1 -1 396.894 400.543
527 228.803 179.902 837.333 75.1884 1055.45 111.795 566.915 863.838 175.615 307.058 1023.34 260.468 976.095 270.206 425.846 340.75
528 211.274 144 816.971 32.9412 1054.51 54.9059 587.091 817.098 156.119 279.797 1036.76 212.671 961.5 230.5 449.082 271.129
529 195.887 107.403 -1 -1 1051.83 2.01923 605.893 767.574 138.298 251.404 1048.51 165.867 948.108 192.2 471.206 198.478
530 181.529 75.8382 -1 -1 -1 -1 625.754 723.816 122.016 227.131 1057.75 124.976 934.844 159.469 495.065 134.188
531 167.108 53.8 -1 -1 -1 -1 648.399 693.064 106.877 211.831 1064.86 93.9753 919.985 135.818 522.05 87.7176
532 151.694 41.75 -1 -1 -1 -1 675.026 676.144 91.5735 205.75 1070.44 72.2222 903.292 120.385 553.429 59.3619
533 134.333 33.1667 -1 -1 -1 -1 706.916 663.837 75.1324 203.868 1074.74 53 884.047 108.234 591.2 37.5259
534 113.986 25.8873 -1 -1 -1 -1 746.626 651.938 56.4247 204.342 1078.21 32.9452 860.714 96.8095 638.421 15.8782
535 92.507 20.3239 -1 -1 -1 -1 790.792 641.76 36.72 207.6 1080.19 14.1714 835.2 87.1077 690.778 2.47475
536 71.3692 18.7692 -1 -1 -1 -1 840.327 634.066 18.5714 215.143 -1 -1 807.621 81.1667 -1 -1
537 51.5167 23.55 -1 -1 -1 -1 894.105 630.376 3.76389 229.347 -1 -1 777.476 80.7143 -1 -1
538 33.8548 31.2903 -1 -1 -1 -1 951.061 625.432 -1 -1 -1 -1 744.8 82.8923 -1 -1
539 20.6719 42.6094 -1 -1 -1 -1 1005.57 620.046 -1 -1 -1 -1 711.938 88.1563 -1 -1
540 13.8955 63.2836 -1 -1 -1 -1 1050.72 624.242 -1 -1 -1 -1 682.97 100.879 996.947 4.61404
541 11.7778 79.8194 -1 -1 -1 -1 1085.04 623.64 -1 -1 -1 -1 658.941 111.382 1036.06 13.528
542 7.11111 76.716 -1 -1 -1 -1 1117.12 601.682 -1 -1 -1 -1 635.149 108.597 1073.02 1.11905
543 2.61364 58.4091 -1 -1 -1 -1 1141.79 569.63 -1 -1 -1 -1 616.632 96.3382 -1 -1
544 -1 -1 -1 -1 -1 -1 1161.65 544.489 -1 -1 -1 -1 599.944 88.5352 -1 -1
545 2.43902 49.439 -1 -1 -1 -1 1181.08 533.462 -1 -1 -1 -1 581.418 92.1791 -1 -1
546 9.8125 66.475 -1 -1 -1 -1 1199.62 530.476 1.63158 340.816 -1 -1 560.101 105.087 -1 -1
547 25.125 81.6023 -1 -1 -1 -1 1219.17 520.338 17.2256 361.609 -1 -1 534 118 -1 -1
548 43.1827 86.0962 -1 -1 -1 -1 1240.63 495.708 39.7413 375.538 -1 -1 501.685 124.973 -1 -1
549 60.7227 90.8403 -1 -1 -1 -1 1263.96 472.028 62.5414 391.732 -1 -1 466 132.071 -1 -1
550 89.0137 99.6438 -1 -1 -1 -1 1277.71 449.289 95.6746 410.473 -1 -1 428.354 143.304 -1 -1
551 138.751 103.686 -1 -1 -1 -1 -1 -1 146.78 421.699 -1 -1 393.321 156.595 -1 -1
552 205.67 110.747 -1 -1 -1 -1 1270.54 401.929 212.016 430.137 -1 -1 364.621 176.253 -1 -1
553 283.699 124.493 -1 -1 -1 -1 1250.83 387.8 286.823 440.796 -1 -1 339.925 203.204 -1 -1
554 372.354 142.189 108.492 19.6984 -1 -1 1226.95 376.473 370.195 451.854 -1 -1 315.765 236.969 -1 -1
555 471.611 160.246 82.5664 50.1818 -1 -1 1199.57 365.92 461.925 460.989 -1 -1 291.838 276.733 -1 -1
556 583.564 175.541 49.6871 83.6687 -1 -1 1171.65 352.57 563.521 466.516 -1 -1 262.975 321.856 -1 -1
557 698.679 196.786 11.0213 126.915 -1 -1 1146.99 342.611 666.995 476.672 -1 -1 229.837 375.891 -1 -1
558 807.659 225.737 -1 -1 -1 -1 1129.58 336.531 764.027 494.612 -1 -1 191.044 435.956 -1 -1
559 912.683 257.502 -1 -1 -1 -1 1118.31 331.525 856.705 516.361 -1 -1 145.15 499.204 -1 -1
560 1006.23 291.596 -1 -1 -1 -1 1111.38 329.309 937.921 540.803 -1 -1 99.0839 562.123 -1 -1
561 1095.68 329.52 -1 -1 277.029 10.7143 1106.14 328.755 1014.54 568.201 -1 -1 51.3006 628.736 -1 -1
562 1183.55 372.975 -1 -1 245.424 29.4242 1102.11 330.795 1088.42 599.314 -1 -1 3.87611 701.788 -1 -1
563 1271.78 414.933 -1 -1 214.576 46.9394 1098 332 1161.44 628.742 -1 -1 -1 -1 -1 -1
564 -1 -1 -1 -1 185.606 62.5152 1094.19 332.857 1230.56 655.485 -1 -1 -1 -1 -1 -1
565 -1 -1 -1 -1 159.452 74.4194 1088.21 331.105 -1 -1 -1 -1 -1 -1 1027.58 2.25806
566 -1 -1 -1 -1 137.31 82.5517 1081.07 328.975 -1 -1 -1 -1 98.1429 608.238 1019.6 3.96667
567 -1 -1 -1 -1 120.481 87.1111 1073.86 326.135 -1 -1 -1 -1 -1 -1 1012.19 3.71875
568 -1 -1 -1 -1 108.586 89.2759 1065.76 323.545 -1 -1 -1 -1 -1 -1 1003.5 2.14286
569 -1 -1 -1 -1 100.452 90.4194 1055.79 321.895 -1 -1 -1 -1 -1 -1 993.25 1.41667
570 -1 -1 -1 -1 94.8438 89.375 1043.79 319.895 -1 -1 -1 -1 -1 -1 -1 -1
571 -1 -1 -1 -1 93.5938 83.7813 1029.31 316.314 -1 -1 -1 -1 -1 -1 -1 -1
572 -1 -1 -1 -1 95.9722 74.9167 1010.28 312.051 -1 -1 -1 -1 -1 -1 -1 -1
573 -1 -1 -1 -1 101.054 66.1351 987.073 309.634 1258.9 504.197 -1 -1 11.1417 963.777 -1 -1
574 -1 -1 -1 -1 107.842 60.7895 959.5 310 1205.26 459.19 -1 -1 109.74 919.608 -1 -1
575 1269.61 246.471 4.48 547.364 112.289 53.9111 929.933 309.444 1157.54 415.235 -1 -1 205.28 879.492 -1 -1
576 1223.04 205.52 111.537 470.493 116 42.6531 902.571 305.327 1117.18 371.535 -1 -1 289.494 835.435 -1 -1
577 1180.09 165.381 206.679 388.109 122.373 26.451 878.569 298.686 1078.85 330.477 -1 -1 363.588 783.054 -1 -1
578 1133.27 129.778 294.746 306.291 135.321 9.60714 857.5 293.5 1036.49 294.093 -1 -1 434.589 723.662 -1 -1
579 1079.66 102.417 380.427 234.975 -1 -1 837.273 293.236 987.962 264.962 -1 -1 506.322 663.298 -1 -1
580 1020.9 83.8247 462.183 179.609 -1 -1 817 298.5 933.904 243.683 -1 -1 577.283 606.943 -1 -1
581 963.807 73.4432 529.786 141.931 -1 -1 798.794 308.111 880.878 230.224 -1 -1 638.161 559.712 -1 -1
582 914.103 63.7179 575.619 109.054 -1 -1 784.94 316 834.396 219.177 -1 -1 682.766 516.662 -1 -1
583 874.061 48.5 607.076 71.5719 -1 -1 773.565 317.783 796.204 203.969 -1 -1 715.712 473.814 -1 -1
584 837 30.9647 645.593 33.3967 -1 -1 757 318 760.072 185.072 -1 -1 755.158 432.574 -1 -1
585 803.198 17.284 692.724 6.20614 -1 -1 734.408 321.382 726.821 168.253 -1 -1 801.451 400.821 -1 -1
586 775.301 8.64384 -1 -1 -1 -1 709.455 327.338 698.967 154.967 -1 -1 848.283 378.775 -1 -1
587 752.262 2.95385 -1 -1 -1 -1 684.592 334.079 675.583 144.476 -1 -1 891.702 362.646 -1 -1
588 732.5 0.928571 -1 -1 -1 -1 660.89 342.137 655.5 136.5 -1 -1 930.747 350.584 -1 -1
589 -1 -1 -1 -1 -1 -1 638 350.612 639.013 130.667 -1 -1 966.706 343.253 98.1429 608.238 -1 -1 -1 -1
590 703.304 0.73913 -1 -1 -1 -1 617 360.388 626.055 127.534 517.146 4.91463 998.378 340.463 -1 -1
591 -1 -1 -1 -1 -1 -1 599.741 365.617 615.377 122.696 527.082 14.0588 1023.41 334.587 -1 -1
592 -1 -1 -1 -1 -1 -1 589.11 367.671 602.971 117.101 539.793 16.4024 1037.37 322.582 -1 -1
593 -1 -1 -1 -1 -1 -1 583.365 373.447 583.838 115.25 561.314 19 1041.34 308.039 -1 -1
594 -1 -1 -1 -1 -1 -1 582.471 383.448 558.812 118.188 589.809 23.0562 1036.48 293.224 -1 -1
595 -1 -1 -1 -1 -1 -1 589.043 394.817 529.104 123.522 623.326 24.1047 1020.67 276.121 98.1429 608.238 -1 -1 -1 -1
596 -1 -1 -1 -1 -1 -1 605.235 408.031 494.347 132.947 661.207 22.4024 993.061 258.023 -1 -1
597 525.517 4.13333 -1 -1 -1 -1 631.183 422.577 455.558 145.623 700.607 18 956.775 239.808 98.1429 608.238 -1 -1 -1 -1
598 485.031 6.52308 -1 -1 -1 -1 665.283 431.451 417.778 156.568 735.052 6.53247 916.254 219.544 -1 -1
599 446.892 7.14865 -1 -1 -1 -1 700.689 437.454 382.553 166.365 -1 -1 878.436 200.873 -1 -1
600 409.442 6.75325 -1 -1 -1 -1 731.691 443.594 347.667 173.678 -1 -1 848.962 183.163 -1 -1
601 368.78 8.26829 -1 -1 -1 -1 758.09 455.403 309.466 182.386 -1 -1 827.224 167.878 98.1429 608.238 -1 -1 -1 -1
602 328.734 11.6962 -1 -1 -1 -1 782.239 470.5 271.84 191.564 -1 -1 810 155.457 -1 -1
603 291.554 16.0241 -1 -1 -1 -1 805.82 486.32 236.926 201.202 -1 -1 795.097 145.828 -1 -1
604 256.06 21.25 -1 -1 -1 -1 828.465 503.401 203.84 211.564 -1 -1 782.318 138.059 98.1429 608.238 -1 -1 -1 -1
605 224.79 29.4074 -1 -1 -1 -1 848.595 523.497 174.674 223.337 -1 -1 772.293 134.329 -1 -1
606 199.709 38.2911 -1 -1 -1 -1 864.024 543.75 151.5 234.5 -1 -1 765.795 133.41 -1 -1
607 181.507 40.7532 -1 -1 -1 -1 875.512 554.076 134.473 239.452 -1 -1 761 129.618 -1 -1
608 165.278 33.038 -1 -1 -1 -1 891.814 548.712 118.926 236.383 -1 -1 751.824 119.23 -1 -1
609 140.468 27.7013 -1 -1 -1 -1 919.88 546.766 95.6633 237.837 -1 -1 736.382 108.145 -1 -1
610 111.101 31.7215 -1 -1 -1 -1 957.283 554.929 69.4848 249.515 -1 -1 716.611 103.306 -1 -1
611 83.358 37.5802 -1 -1 -1 -1 1000.2 560.254 46.14 263.6 -1 -1 692.945 100.466 -1 -1
612 55.6818 43.4659 -1 -1 -1 -1 1049.45 561.531 23.3143 279.857 -1 -1 665.088 98.1618 -1 -1
613 26.4111 56.3556 -1 -1 -1 -1 1105.93 567.085 2.71642 304.194 -1 -1 633.294 100.279 -1 -1
614 3.27692 84.2923 -1 -1 -1 -1 1163.27 582.681 -1 -1 -1 -1 599.897 112.426 -1 -1
615 -1 -1 -1 -1 -1 -1 1212.68 600.977 -1 -1 -1 -1 567.308 132.185 1180.76 18.6083
616 1.17241 154.759 -1 -1 -1 -1 1240.36 603.935 0.818182 423.182 -1 -1 539.523 152.431 98.1429 608.238 -1 -1 1209.5 39.7241
617 33.3662 180.549 341.727 7.90909 -1 -1 1239.65 595.406 36.0233 447.543 -1 -1 519.5 175.781 1205.82 52.6927
618 88.1517 218.083 337.951 43.2346 -1 -1 1216.87 601.177 91.7984 474.868 -1 -1 512.242 211.833 1176.04 83.9748
619 147.993 259.893 355.951 86.5244 -1 -1 1174.87 623.037 149.537 498.463 -1 -1 523.567 255.358 1125.73 129.116
620 203.269 289.946 391.471 125.678 772.5 23.0417 1120.47 647.905 200.261 508.216 830.59 32 551 296 1063.36 171.62
621 253.658 306.47 439.933 157.36 764.5 56.44 1057.34 670.057 244.108 504.265 814.023 67.5814 591 331.119 98.1429 608.238 -1 -1 992.031 206.734
622 296.721 312.827 496.511 182.185 761.019 87.3774 990.311 689.832 280 491.895 802.07 103.279 639 361 917.18 236.125
623 330.261 311.5 555.302 199.833 761.737 114.947 925.203 706.949 306.943 474.909 794.5 137.292 689.761 384.225 844.64 259.464
624 352.894 306.282 608.093 209.979 766.233 136.767 869.12 720.684 324.272 457.444 791.681 165.957 736.562 399.863 781.798 276.573
625 368.487 298.775 652.182 214.677 771.762 152.81 822.921 730.018 335.368 441.184 791.216 188.686 776.233 409.137 730.057 287.919
626 381 288.779 688.727 214.162 775.324 162.456 784.477 732.775 344.473 424.919 790.389 204.611 809.368 413.816 687.057 291.369
627 392.329 276.041 718.889 209.293 776.653 166.181 752.295 729.33 352.465 407.521 789.07 214.474 837.584 414.234 650.934 287.421
628 402.941 261.471 745.738 201.408 776.014 165.753 723.527 721.67 360.045 389.881 787.138 220.138 863.013 412.266 619.017 278.471
629 415.6 244.171 771.915 190.575 771.875 161.5 695.869 708.551 369.5 369.5 782.933 222.4 888.037 408.427 588.202 263.958
630 430.618 223.441 797.843 175.602 763.175 152.175 669.057 688.505 381.094 346.453 775.953 219.766 912.941 402.024 98.1429 608.238 -1 -1 558.754 242.202
631 448 201 823.881 158.56 750.395 139.5 643.552 664.229 394.954 321.846 765.881 213.955 938.034 394.82 530.348 216.107
632 465.103 177.926 851.266 139.681 736.609 125.304 617.61 639.69 408.565 296.435 755.563 207.606 964.967 386.549 502.109 189.291
633 479.061 154.106 880.248 117.65 726.242 109 590.959 616.041 419.111 270.524 748.167 200.736 993.716 374.926 472.395 162.605
634 487.871 125.565 910.966 86.8655 721.8 85.3905 561.553 591.019 424.159 240.429 747.09 190.282 1025.53 354.92 439.427 131.645
635 495.617 96.45 943.758 53.1774 718.257 58.633 530.804 565.67 428.283 209.467 747.298 178.762 1059.84 332.714 404.661 99.6697
636 506.793 73.9655 980.608 28.272 711.407 40.6441 499.34 545.37 436.305 183.983 742.5 174.442 1096.98 318.951 369.209 75.7182
637 521.296 62.2407 1019.9 17.621 700.659 36.814 469.887 534.278 448.439 167.667 732.137 180.411 1134.63 317.945 336.097 65.0583
638 538.709 59.8182 1060.58 20.816 685.462 47.0758 443.947 531.149 464.407 160.241 715.656 196.354 1171.63 329.945 307.03 66.3636
639 558.641 61.5472 1097.94 30.8015 663.923 63.0493 424.289 529.467 482.75 156.846 693.302 213.813 1204.48 348.25 285.398 70.9694
640 582.431 58.6275 1133.18 34.8209 631.257 70.5608 410.802 518.86 505.24 150.08 664.158 221.347 1235.04 364.2 271.161 66.0345
641 607.673 48.0408 1154.15 25.7483 588.013 59.0461 411.378 495.207 529.259 138.463 630.621 207.903 1251.9 369.935 273.156 45.5325
642 631.547 37.7925 1158.38 15.4063 544.483 42.543 423.705 470.346 551.891 129.418 598.216 185.176 1252.27 373.221 288.806 23.4627
643 652.442 33.4423 1150.52 13.24 507.543 33.0143 442.066 452.197 572.482 126.611 570.048 165.476 1240.66 380.669 311.103 9.07353
644 670.175 31.8246 1135.71 14.9022 477.321 26.6716 461.73 438.703 590.186 127.288 546.777 148.223 1222.52 389.397 334.656 1.21875
645 685.051 29.3051 1119.15 13.3711 453.145 18.2366 480.039 425.566 605.017 126.7 528.337 130.541 1203.75 393.979 -1 -1
646 698.814 23.8475 1103.45 7.45178 431.524 7.07143 496 412 618.443 124.049 512.389 112.126 1186.67 394.698 -1 -1
647 710.377 17.1803 1089.12 2.51852 -1 -1 509 398.257 629.623 119.82 499.312 94.043 1172.35 392.052 -1 -1
648 722.867 8.56667 -1 -1 -1 -1 519 384 641.333 113.111 485.688 75.957 1162.45 387.914 98.1429 608.238 -1 -1 -1 -1
649 738.698 2.69811 -1 -1 -1 -1 529.056 371.153 656.667 108.889 468.284 61.0947 1153.15 390.329 -1 -1
650 760.123 2.98246 -1 -1 -1 -1 541.5 362.378 677.776 110.224 444.462 52.1505 1140.92 406.099 -1 -1
651 789.136 8.94915 1056.67 5.8301 -1 -1 556.5 356.2 706.09 117.09 413.591 47.3068 1125.02 436 -1 -1
652 824.302 16.8413 1048.31 29.7067 -1 -1 572.292 349.662 740.783 125.101 377.489 42.8889 1107.41 474.353 -1 -1
653 864.53 21.4697 1042.03 51.7837 226.244 1.36585 587.238 339.19 779.292 129.917 337.626 34.3855 1090.65 514.355 98.1429 608.238 -1 -1 -1 -1
654 906.083 23.9 1031.24 72.5276 182.959 3.01351 602.952 327.629 819.042 133.549 299.013 22.8701 1069.1 554.527 -1 -1
655 946.569 23.4154 997.522 85.3606 146.885 0.807692 624.5 313.5 857.467 136.24 267.056 3.97222 1028.91 586.4 -1 -1
656 981.174 20.5362 938.054 88.7732 -1 -1 650.5 298.714 890.247 139.039 -1 -1 970.408 604.298 -1 -1
657 1010.76 21.3333 863.182 97.5255 -1 -1 678.193 288.316 918.458 146.458 -1 -1 98.1429 608.238 901.737 619.679 -1 -1 -1 -1
658 1039.21 30.0247 777.761 122.171 -1 -1 707 283.109 945.429 161.405 -1 -1 825.691 642.065 -1 -1
659 1067.56 45.7273 682.842 161.165 -1 -1 736.945 281.836 972.637 183.044 -1 -1 743.578 670.63 -1 -1
660 1095.53 61.0323 581.945 197.547 -1 -1 766.768 280.393 999.052 204.969 -1 -1 659.619 694.435 -1 -1
661 1120.82 72.3711 480.541 222.698 -1 -1 795.3 276.98 1022.8 223.74 -1 -1 579.063 707.359 -1 -1
662 1153.44 80.1712 371.765 243.788 -1 -1 823.189 270.604 1052.17 240.097 -1 -1 494.774 720.246 -1 -1
663 1196.03 82.7034 263.174 261.736 -1 -1 846.615 260.75 1089.91 251.086 -1 -1 412.91 737.955 -1 -1
664 1241.22 85.9231 162.186 285.976 -1 -1 865.224 252.449 1129.3 261.33 -1 -1 339.249 762.649 -1 -1
665 -1 -1 57.5026 330.807 -1 -1 883.045 248.636 1169.51 279 -1 -1 98.1429 608.238 264.653 798.647 -1 -1 -1 -1
666 -1 -1 -1 -1 -1 -1 901.556 248.067 1212.5 304.102 -1 -1 186.49 844.855 -1 -1
667 -1 -1 -1 -1 -1 -1 917.902 247.268 1256.12 328.176 -1 -1 109.357 892.083 -1 -1
668 -1 -1 -1 -1 -1 -1 932.619 244.786 -1 -1 -1 -1 98.1429 608.238 31.8366 936.421 -1 -1 -1 -1
669 -1 -1 -1 -1 -1 -1 947.268 239.902 -1 -1 -1 -1 -1 -1 -1 -1
670 -1 -1 -1 -1 -1 -1 962.947 234.184 -1 -1 -1 -1 -1 -1 -1 -1
671 -1 -1 -1 -1 -1 -1 979.105 231.211 -1 -1 -1 -1 -1 -1 -1 -1
672 -1 -1 -1 -1 -1 -1 996.139 231.389 -1 -1 -1 -1 -1 -1 -1 -1
673 -1 -1 -1 -1 -1 -1 1015.26 233.886 -1 -1 -1 -1 -1 -1 -1 -1
674 -1 -1 -1 -1 -1 -1 1036.22 237.278 -1 -1 -1 -1 98.1429 608.238 -1 -1
675 -1 -1 -1 -1 55.5 1.36364 1058.53 240.188 -1 -1 -1 -1 98.1429 608.238 -1 -1
676 -1 -1 -1 -1 66.2857 2.64286 1079.32 242.412 -1 -1 -1 -1 98.1429 608.238 -1 -1
677 -1 -1 -1 -1 72.5 4 1095.55 244.091 -1 -1 -1 -1 -1 -1 -1 -1
678 -1 -1 -1 -1 76.2 4.4 1105.32 244.412 -1 -1 -1 -1 -1 -1 -1 -1
679 -1 -1 -1 -1 78.44 4.92 1110.53 244.656 -1 -1 -1 -1 98.1429 608.238 -1 -1
680 -1 -1 -1 -1 79.3333 5.125 1112.81 245.469 -1 -1 -1 -1 -1 -1 -1 -1
681 -1 -1 -1 -1 79.1667 4.95833 1112.45 244.909 -1 -1 -1 -1 -1 -1 -1 -1
682 -1 -1 -1 -1 77.04 3.52 1109.81 243.469 -1 -1 -1 -1 -1 -1 -1 -1
683 -1 -1 -1 -1 76.125 2.83333 1106.45 242.909 -1 -1 -1 -1 -1 -1 -1 -1
684 -1 -1 -1 -1 76.6 2.04 1104 243 -1 -1 -1 -1 -1 -1 -1 -1
685 -1 -1 -1 -1 77.087 1.73913 1101.5 243 -1 -1 -1 -1 98.1429 608.238 -1 -1
686 -1 -1 -1 -1 76.4286 1.28571 1098.55 242.29 -1 -1 -1 -1 -1 -1 -1 -1
687 -1 -1 -1 -1 -1 -1 1097 241.5 -1 -1 -1 -1 98.1429 608.238 -1 -1
688 -1 -1 -1 -1 -1 -1 1096.91 241.455 -1 -1 -1 -1 98.1429 608.238 -1 -1
689 -1 -1 -1 -1 -1 -1 1097 241.5 -1 -1 -1 -1 98.1429 608.238 -1 -1
690 -1 -1 -1 -1 -1 -1 1097.66 241.531 -1 -1 -1 -1 98.1429 608.238 -1 -1
691 -1 -1 -1 -1 -1 -1 1098.58 241.455 -1 -1 -1 -1 -1 -1 -1 -1
692 -1 -1 -1 -1 -1 -1 1099.74 241.206 -1 -1 -1 -1 -1 -1 -1 -1
693 -1 -1 -1 -1 -1 -1 1101.03 240.833 -1 -1 -1 -1 -1 -1 -1 -1
694 -1 -1 -1 -1 -1 -1 1102.27 240.485 -1 -1 -1 -1 98.1429 608.238 -1 -1
695 -1 -1 -1 -1 -1 -1 1103.26 239.886 -1 -1 -1 -1 -1 -1 -1 -1
696 -1 -1 -1 -1 -1 -1 1103.45 238.909 -1 -1 -1 -1 -1 -1 -1 -1
697 -1 -1 -1 -1 -1 -1 1103 237.5 -1 -1 -1 -1 98.1429 608.238 -1 -1
698 -1 -1 -1 -1 -1 -1 1101.81 236.469 -1 -1 -1 -1 98.1429 608.238 -1 -1
699 -1 -1 -1 -1 -1 -1 1100.23 235.371 -1 -1 -1 -1 -1 -1 -1 -1
700 -1 -1 -1 -1 -1 -1 1098.66 234.531 -1 -1 -1 -1 -1 -1 -1 -1
701 -1 -1 -1 -1 -1 -1 1096.76 235.303 -1 -1 -1 -1 -1 -1 -1 -1
702 -1 -1 -1 -1 -1 -1 1095.53 237.188 -1 -1 -1 -1 -1 -1 -1 -1
703 -1 -1 -1 -1 -1 -1 1095.65 238.765 -1 -1 -1 -1 -1 -1 -1 -1
704 -1 -1 -1 -1 -1 -1 1096.64 241.212 -1 -1 -1 -1 -1 -1 -1 -1
705 -1 -1 -1 -1 67.6 7.96 1098.72 244.625 -1 -1 -1 -1 -1 -1 -1 -1
706 -1 -1 -1 -1 61.6 17.96 1101.61 249.613 -1 -1 -1 -1 -1 -1 -1 -1
707 -1 -1 -1 -1 56.9091 28.0909 1105.63 255.367 -1 -1 -1 -1 -1 -1 -1 -1
708 -1 -1 -1 -1 52.4783 37.3913 1109.63 260.367 -1 -1 -1 -1 -1 -1 -1 -1
709 -1 -1 -1 -1 48.3478 44.4348 1112.72 263.621 -1 -1 -1 -1 98.1429 608.238 -1 -1
710 -1 -1 -1 -1 43.8571 49.8095 1115.34 265.724 -1 -1 -1 -1 -1 -1 -1 -1
711 -1 -1 -1 -1 -1 -1 1117.31 266.962 -1 -1 -1 -1 -1 -1 -1 -1
712 -1 -1 -1 -1 35.0952 55.9048 1118.88 266.958 -1 -1 -1 -1 -1 -1 -1 -1
713 -1 -1 -1 -1 32.6522 54.913 1120.69 265.038 -1 -1 -1 -1 -1 -1 -1 -1
714 -1 -1 -1 -1 -1 -1 1122.24 262.36 -1 -1 -1 -1 98.1429 608.238 -1 -1
715 -1 -1 -1 -1 31.8571 47.8095 1123.15 259.269 -1 -1 -1 -1 98.1429 608.238 -1 -1
716 -1 -1 -1 -1 33.1364 44 1123.69 257.038 -1 -1 -1 -1 -1 -1 -1 -1
717 -1 -1 -1 -1 35 41 1124.68 255.429 -1 -1 -1 -1 -1 -1 -1 -1
718 -1 -1 -1 -1 36.8571 39.8095 1125.59 254.963 -1 -1 -1 -1 -1 -1 -1 -1
719 -1 -1 -1 -1 37.3636 40 1126.26 255.259 -1 -1 -1 -1 -1 -1 -1 -1
720 -1 -1 -1 -1 -1 -1 1125.69 256.038 -1 -1 -1 -1 -1 -1 -1 -1
721 -1 -1 -1 -1 -1 -1 1124.75 257.25 -1 -1 -1 -1 -1 -1 -1 -1
722 -1 -1 -1 -1 -1 -1 1123.24 259.04 -1 -1 -1 -1 -1 -1 -1 -1
723 -1 -1 -1 -1 31.1364 49 1121.44 260.407 -1 -1 -1 -1 -1 -1 -1 -1
724 -1 -1 -1 -1 29 51 1119.69 261.038 -1 -1 -1 -1 98.1429 608.238 -1 -1
725 -1 -1 -1 -1 26.4762 52.0476 1117.7 261.148 -1 -1 -1 -1 -1 -1 -1 -1
726 -1 -1 -1 -1 24.381 52.7619 1116.26 261.259 -1 -1 -1 -1 -1 -1 -1 -1
727 -1 -1 -1 -1 22.4762 54.0476 1115.5 261.5 -1 -1 -1 -1 98.1429 608.238 -1 -1
728 -1 -1 -1 -1 20.381 54.7619 1114.85 261.296 -1 -1 -1 -1 -1 -1 -1 -1
729 -1 -1 -1 -1 -1 -1 1114.76 259.96 -1 -1 -1 -1 -1 -1 -1 -1
730 -1 -1 -1 -1 -1 -1 1115.31 256.962 -1 -1 -1 -1 -1 -1 -1 -1
731 -1 -1 -1 -1 -1 -1 1114.24 253.04 -1 -1 -1 -1 -1 -1 -1 -1
732 -1 -1 -1 -1 -1 -1 1111.24 250.04 -1 -1 -1 -1 -1 -1 -1 -1
733 -1 -1 -1 -1 -1 -1 1106.54 246.692 -1 -1 -1 -1 -1 -1 -1 -1
734 -1 -1 -1 -1 -1 -1 1101.21 242.5 -1 -1 -1 -1 -1 -1 -1 -1
735 -1 -1 -1 -1 -1 -1 1094.59 237.276 -1 -1 -1 -1 -1 -1 -1 -1
736 -1 -1 -1 -1 -1 -1 1088.19 232.531 -1 -1 -1 -1 -1 -1 -1 -1
737 -1 -1 -1 -1 -1 -1 1081.42 229.424 -1 -1 -1 -1 -1 -1 -1 -1
738 -1 -1 -1 -1 -1 -1 1073.26 227.886 -1 -1 -1 -1 98.1429 608.238 -1 -1
739 -1 -1 -1 -1 -1 -1 1063.77 228.457 -1 -1 -1 -1 -1 -1 -1 -1
740 -1 -1 -1 -1 -1 -1 1051.87 230.872 -1 -1 -1 -1 -1 -1 -1 -1
741 -1 -1 -1 -1 -1 -1 1037.18 235.7 -1 -1 -1 -1 -1 -1 -1 -1
742 -1 -1 -1 -1 -1 -1 1019.95 242.071 1226.83 400.177 -1 -1 -1 -1 -1 -1
743 1272.17 146.535 -1 -1 -1 -1 1001.89 250.37 1156.69 376.304 -1 -1 55.5655 674.569 -1 -1
744 1201.5 130.978 -1 -1 -1 -1 985.771 256.917 1097.19 354.345 -1 -1 98.1429 608.238 135.477 634.465 -1 -1 -1 -1
745 1150.07 114.154 -1 -1 -1 -1 975.216 259.314 1052.76 335.095 -1 -1 189.225 597.076 98.1429 608.238 -1 -1 -1 -1
746 1110.38 99.8757 5.8 179.455 -1 -1 968.135 260.308 1018.02 320.042 -1 -1 227.959 565.424 -1 -1
747 1077.82 90.3436 48.8151 156.679 -1 -1 960.389 262.389 988.935 308.432 -1 -1 262.857 542.836 -1 -1
748 1050.54 85.0633 94.4026 142.859 -1 -1 950.593 266.185 964.603 299.362 -1 -1 297.284 528.458 -1 -1
749 1027.43 81.8389 139.891 134.016 -1 -1 939.582 270.836 943.574 291.551 -1 -1 331.97 519.161 -1 -1
750 1006.31 79.0068 189.045 127.034 -1 -1 925.636 275.982 924.096 282.985 -1 -1 370.004 512.837 -1 -1
751 985.913 75.9203 243.423 120.551 -1 -1 908.759 281.517 905.07 273.457 -1 -1 412.759 507.849 -1 -1
752 965.984 72.4688 303.273 113.688 -1 -1 888.862 287.5 886.383 262.342 -1 -1 460.492 503.496 98.1429 608.238 -1 -1 -1 -1
753 946 68.075 367.134 105.779 -1 -1 866.295 293.803 867.026 250.165 -1 -1 512.436 498.585 98.1429 608.238 -1 -1 -1 -1
754 924.391 60.4522 434.279 92.2301 -1 -1 841.787 298.836 845.972 235.047 -1 -1 568.345 489.14 -1 -1
755 903.222 53.0463 496.781 77.8489 -1 -1 818.079 303.825 825.125 220.952 -1 -1 621.803 478.026 -1 -1
756 878.451 44.451 555.14 60.2167 -1 -1 795.063 308.698 801.01 206.818 -1 -1 673.03 461.358 -1 -1
757 849.219 37.5833 608.418 43.4506 -1 -1 773.615 315.492 772.742 194.918 -1 -1 721.536 441.982 -1 -1
758 817.83 35.6596 654.697 33.6215 -1 -1 753.97 325.91 742.352 188.33 -1 -1 764.599 425.266 -1 -1
759 785.516 36.4176 699.053 28.0667 -1 -1 733.304 339.493 711.034 184.191 -1 -1 806.673 410.749 -1 -1
760 753.256 36.407 742.256 21.8177 -1 -1 710.945 353.466 679.702 179.452 -1 -1 848.473 395.842 -1 -1
761 721.2 33.7765 782.487 11.2054 -1 -1 687.206 366.288 648.06 172.518 -1 -1 888.639 377.479 -1 -1
762 689.049 27.3457 -1 -1 -1 -1 661.44 377.267 615.912 162.45 532.705 7.55128 928.188 354.569 -1 -1
763 660.711 20.9079 -1 -1 -1 -1 635.351 387.182 587.338 152.247 560.512 19.3171 965.242 333.872 -1 -1
764 637.333 13.3472 -1 -1 -1 -1 606.75 395.612 563.141 141.014 585.616 30.5233 1002.28 315.128 -1 -1
765 618.824 7.04412 -1 -1 -1 -1 576.235 404.198 543.478 130.739 607.674 43.5281 1040.94 300.737 -1 -1
766 603 4.50794 -1 -1 -1 -1 543.357 415.548 526.879 123.03 627.884 61.3263 1080.29 291.954 -1 -1
767 588.3 4.81667 -1 -1 -1 -1 508.224 430.882 510.967 118.367 648.81 84.87 1120.42 287.776 -1 -1
768 573.821 7.66071 -1 -1 -1 -1 471.149 449.483 495.897 115.466 670.962 112.404 1160.53 286.31 -1 -1
769 559.02 9.08163 -1 -1 -1 -1 430.279 468.674 480.105 111.439 695.991 142.065 1202.5 283.099 -1 -1
770 544.219 6.92683 -1 -1 -1 -1 385.591 485.455 463.846 104.385 724.265 170.385 1246.11 275.038 98.1429 608.238 -1 -1 238.577 4.75962
771 529.639 4.33333 -1 -1 -1 -1 344.337 500.946 448.383 97.5319 753.176 195.856 98.1429 608.238 188.646 14.1327
772 512.76 1.32 -1 -1 -1 -1 306.905 515.874 430.295 91.1136 786.985 217.359 98.1429 608.238 142.009 21.4103
773 -1 -1 -1 -1 -1 -1 272.371 532.186 410.487 86.3333 824.897 236.868 -1 -1 98.1849 29.3025
774 -1 -1 -1 -1 -1 -1 239.71 554.73 389.833 85.75 864.759 260.44 -1 -1 55.9219 44.1875
775 -1 -1 -1 -1 943.498 7.00488 206.198 586.267 368.758 90.303 906.745 292.248 -1 -1 11.9627 69.9627
776 -1 -1 -1 -1 1011.48 38.129 171.726 628.689 348.037 100.111 949.327 333.932 98.1429 608.238 -1 -1
777 -1 -1 -1 -1 1080.73 88.3853 138.692 683.729 329.19 117.429 988.5 386.535 -1 -1 -1 -1
778 -1 -1 -1 -1 1149.92 160.236 108.046 753.367 312.909 142.318 1022.87 450.986 -1 -1 -1 -1
779 -1 -1 -1 -1 1213.19 252.812 81.3333 835 -1 -1 1048.48 524.692 -1 -1 -1 -1
780 -1 -1 -1 -1 1258.66 358.668 65.0874 920.126 -1 -1 1059.61 599.613 98.1429 608.238 -1 -1
781 -1 -1 -1 -1 1276.97 463.714 60.9684 997.347 -1 -1 1056.38 666.694 -1 -1 -1 -1
782 -1 -1 1231.62 209.571 -1 -1 -1 -1 300.286 280.952 1044.14 720.99 -1 -1 -1 -1
783 -1 -1 1231.75 250.458 -1 -1 -1 -1 306.381 307.571 1031.11 763.125 -1 -1 -1 -1
784 -1 -1 1231.46 281.071 -1 -1 -1 -1 -1 -1 1020.63 793.314 -1 -1 -1 -1
785 -1 -1 1230.87 302.9 1278.17 719.5 -1 -1 314.095 341.905 1013.45 813.965 -1 -1 -1 -1
786 -1 -1 1230.09 316.5 1277.12 741.804 -1 -1 316.435 351.087 1008.08 825.738 -1 -1 -1 -1
787 -1 -1 1229.26 324.871 1275.56 754.156 -1 -1 318.381 356.571 1003.63 832.013 98.1429 608.238 -1 -1
788 -1 -1 1229.03 330.182 1273.67 761.553 -1 -1 -1 -1 1000.41 835.412 -1 -1 -1 -1
789 -1 -1 1229.03 333.094 1270.49 764.627 -1 -1 321.381 361.571 997.412 836.412 -1 -1 -1 -1
790 -1 -1 1230.12 334.152 1268.9 766.603 -1 -1 322.381 361.571 995.768 837.439 -1 -1 -1 -1
791 -1 -1 1231.12 334.235 1269.86 768.517 -1 -1 -1 -1 995.81 838.81 -1 -1 -1 -1
792 -1 -1 1231.06 334.839 1272.31 770.639 -1 -1 -1 -1 997.073 840.598 -1 -1 -1 -1
793 -1 -1 1229.87 336.2 1273.99 773.563 -1 -1 -1 -1 998.443 842.468 -1 -1 -1 -1
794 -1 -1 1228.55 338.586 1275.06 777.733 -1 -1 -1 -1 999.287 844.787 98.1429 608.238 -1 -1
795 -1 -1 1227.43 340.567 1275.96 781.333 -1 -1 319.381 367.571 999.911 846.747 98.1429 608.238 -1 -1
796 -1 -1 1227 341.241 1276.62 783 -1 -1 -1 -1 1000.59 847.921 98.1429 608.238 -1 -1
797 -1 -1 1228.31 341.448 1277.08 785.12 -1 -1 -1 -1 1000.76 849.628 -1 -1 -1 -1
798 -1 -1 1230.43 341.25 1277.54 787.154 -1 -1 -1 -1 1000.69 851.525 98.1429 608.238 -1 -1
799 -1 -1 1232 341 1277.74 787.794 -1 -1 -1 -1 1000.53 852.556 -1 -1 -1 -1
800 -1 -1 1233.21 340.821 1277.54 788.154 -1 -1 -1 -1 999.935 852.922 98.1429 608.238 -1 -1
