1 312.33 581.443
2 313.022 581.187
3 313.678 580.621
4 314.685 580.109
5 316.292 579.281
6 318.367 578.156
7 321.022 576.187
8 323.379 572.954
9 324.398 569.261
10 323.529 565.765
11 321.867 562.687
12 319.57 560.128
13 317.953 557.523
14 316.67 555.295
15 314.791 553.558
16 311.854 552.659
17 308.488 552.171
18 306.263 553.2
19 306.442 555.338
20 308.946 557.757
21 315.367 560.367
22 322.797 560.392
23 329.173 557.062
24 336.374 551.566
25 343.848 546.557
26 351.952 542.458
27 360.035 540.318
28 366.772 541.098
29 369.919 545.407
30 368.727 552.5
31 364.091 557.943
32 359.318 558.894
33 356.091 558.943
34 354.523 558.955
35 354.667 559.506
36 354.5 558.791
37 355 558.5
38 355.402 558.057
39 355.694 558.106
40 358.5 558.881
41 366.835 557.071
42 379 552.5
43 392.259 549.383
44 406.325 546.9
45 420.177 544.532
46 433 542.311
47 443 541
48 448.722 540.917
49 448.843 540.871
50 442.941 540.971
51 431.373 541.627
52 416 543.311
53 398.26 545.442
54 382.125 547.5
55 370.667 548.5
56 363.36 550.488
57 355.539 553.955
58 346.371 557.966
59 336.395 560.5
60 327.682 560.25
61 322.195 559.655
62 320.174 562
63 321.892 566.651
64 323.5 569.244
65 327.37 565.63
66 333.125 558.5
67 340.833 550.667
68 350 544.5
69 358.244 541.5
70 364.365 543.553
71 364.305 550.11
72 362.695 555.061
73 362.938 554.494
74 362.598 552.317
75 362.531 552.556
76 362.266 554.392
77 363.556 554.728
78 367.313 553.35
79 371.612 552
80 375.38 551.557
81 378.362 551.125
82 380.101 550.443
83 381.557 549.975
84 382.557 549.721
85 383.692 549.346
86 384.679 548.577
87 385.959 548.23
88 387.947 547.347
89 391.182 546.351
90 395.5 545.132
91 400.071 544
92 404.247 543.055
93 408.111 542.125
94 411.289 541.5
95 414 541
96 416.292 540.861
97 418.329 540.671
98 419.803 540.676
99 420.803 540.676
100 421 541
101 420.941 540.971
102 420.191 541
103 419.632 541.206
104 418.87 541.217
105 418.1 541.414
106 417.563 541.606
107 417.437 541.648
108 417.5 541.629
109 417.884 541.652
110 418.5 541.629
111 419.056 541.465
112 419.414 541.414
113 419.414 541.414
114 419.056 541.465
115 418.8 541.5
116 418.696 541.609
117 418.757 541.629
118 419.043 541.551
119 419.414 541.543
120 419.629 541.6
121 419.757 541.629
122 419.757 541.629
123 419.632 541.632
124 419.5 541.629
125 419.254 541.746
126 419.132 541.853
127 419 542
128 418.941 541.971
129 418.941 541.971
130 418.941 541.971
131 419 542
132 419.382 541.941
133 419.941 541.971
134 420.162 541.912
135 420.493 541.696
136 420.696 541.652
137 420.5 541.629
138 420.5 541.629
139 420.757 541.629
140 421.5 541.629
141 422.629 541.343
142 423.941 540.971
143 425 541
144 425.941 540.971
145 426.563 540.648
146 427.254 540.746
147 427.803 540.676
148 428.375 540.625
149 428.625 540.625
150 428.8 540.5
151 428.586 540.543
152 428.394 540.479
153 428.333 540.5
154 428.394 540.479
155 428.845 540.451
156 429.563 540.352
157 430.437 540.352
158 431.571 540.286
159 432.75 540.162
160 433.75 540.162
161 434.451 540.155
162 435 540
163 435.881 540
164 436.386 539.829
165 437 539.929
166 437.563 539.648
167 438.13 539.783
168 438.375 539.625
169 438.5 539.629
170 438.625 539.625
171 438.775 539.563
172 438.889 539.5
173 439.155 539.549
174 439.333 539.5
175 439.394 539.479
176 439.5 539.629
177 439.375 539.625
178 439.043 539.551
179 438.5 539.629
180 437.912 539.838
181 437.169 539.845
182 436.812 539.812
183 436.557 539.714
184 436.899 539.768
185 437.845 539.451
186 439.13 539.217
187 440.333 539.13
188 441 539
189 441 539
190 440.563 539.352
191 439.803 539.324
192 438.915 539.254
193 438.329 539.329
194 437.803 539.324
195 437.042 539.127
196 436.548 539.288
197 436.311 539.392
198 436.562 539.479
199 437.378 539.5
200 438.73 539.446
201 440.378 539.5
202 442.081 539.405
203 443.959 539.26
204 445.901 539.099
205 447.411 538.836
206 448.887 538.775
207 449.944 538.535
208 450.889 538.5
209 451.75 538.5
210 452.8 538.5
211 454.1 538.414
212 455.681 538.159
213 457 538
214 458.224 537.94
215 459.145 537.464
216 459.702 537.209
217 459.848 537.061
218 459.848 537.061
219 459.848 537.061
220 459.702 537.209
221 459.712 537.409
222 459.821 537.537
223 460 537.742
224 460.636 537.773
225 461.061 537.849
226 461.91 537.91
227 462.734 537.875
228 463.338 537.877
229 464.152 537.939
230 465 537.815
231 465.828 537.828
232 466.354 537.569
233 466.938 537.625
234 467.359 537.641
235 468 537.815
236 468.892 537.8
237 469.734 537.875
238 470.152 537.939
239 470.645 537.984
240 470.766 537.953
241 470.766 537.953
242 470.714 538
243 470.574 538
244 470.25 537.984
245 470.426 538
246 470.848 538.061
247 471.333 538.111
248 472.123 538.123
249 472.815 538
250 472.91 537.91
251 472.8 537.892
252 472.266 537.875
253 471.939 537.849
254 471.766 537.953
255 471.848 538.061
256 472.152 538.061
257 472.371 537.952
258 472.734 537.875
259 472.359 537.641
260 472 537.5
261 471.641 537.641
262 471.238 537.81
263 471.238 537.81
264 471.338 537.708
265 471.631 537.569
266 471.636 537.5
267 471.641 537.359
268 471.302 537.317
269 471.047 537.234
270 470.828 537.172
271 470.641 537.359
272 470 537.185
273 469.641 537.359
274 469.046 537.692
275 468.939 537.849
276 469.152 538.061
277 469.848 538.061
278 470.8 538.108
279 471.815 538
280 472.574 538
281 472.698 537.937
282 472.238 537.81
283 471.892 537.8
284 471.177 537.774
285 470.938 537.625
286 470.81 537.714
287 471.047 537.766
288 472 537.815
289 473 537.815
290 473.939 537.849
291 474.734 537.875
292 475.046 537.692
293 475.108 537.2
294 474.877 537.123
295 474.152 537.061
296 473.152 537.061
297 471.939 537.091
298 470.476 537.111
299 468.636 537.227
300 465.848 537.061
301 461.848 537.061
302 456.766 537.047
303 448.941 536.971
304 439 537
305 428.414 537.414
306 419.119 538
307 413.1 538.414
308 410.8 538.743
309 412.224 538.94
310 417.352 538.563
311 423.91 538.09
312 430.152 537.939
313 435.5 537.765
314 439.061 537.849
315 441.149 537.672
316 442.046 537.692
317 442.478 537.565
318 442.636 537.5
319 442.838 537.603
320 443.091 537.636
321 443.364 537.5
322 443.478 537.435
323 443.5 537.235
324 443.152 537.061
325 443 537.119
326 442.848 537.061
327 442.702 537.209
328 442.8 537.108
329 442.8 537.108
330 442.848 537.061
331 443 537.119
332 443.242 537.167
333 443.702 537.209
334 443.971 537.059
335 444.059 536.971
336 444.119 537
337 444 537
338 443.91 536.91
339 443.702 536.791
340 443.152 536.939
341 443.09 536.91
342 442.941 536.971
343 442.91 536.91
344 442.394 536.833
345 441.91 536.91
346 440.941 536.971
347 440.059 536.971
348 439.848 537.061
349 439.224 537.06
350 439.152 537.061
351 439.059 537.029
352 439.152 537.061
353 439.224 537.06
354 439.258 537
355 439.224 536.94
356 439.09 536.91
357 438.941 536.971
358 438.91 536.91
359 439 537
360 439.848 536.939
361 440.426 536.706
362 440.5 536.5
363 440.565 536.362
364 440.103 536.279
365 439.478 536.435
366 438.657 536.567
367 437.757 536.629
368 436.868 536.853
369 435.941 536.971
370 435 537
371 433.971 537.13
372 433.056 537.465
373 432.356 537.562
374 432.056 537.535
375 432.111 537.5
376 432.563 537.352
377 433.437 537.352
378 434.686 537.229
379 435.75 537.162
380 436.386 537.171
381 436.806 537.119
382 437 537
383 437.721 537.103
384 438.059 536.971
385 438.941 536.971
386 439.565 536.783
387 440.088 536.838
388 440.314 536.771
389 440.493 536.696
390 440.3 536.7
391 440.088 536.838
392 439.91 536.91
393 439.75 536.838
394 439.75 536.838
395 439.941 536.971
396 440.119 537
397 440.941 536.971
398 441.319 536.841
399 441.493 536.696
400 441.362 536.725
401 440.91 536.91
402 440.059 536.971
403 439.941 536.971
404 439.941 536.971
405 440.463 536.821
406 441.059 536.971
407 441.186 536.743
408 440.783 536.565
409 439.857 536.714
410 439 537
411 438.478 536.884
412 438.721 537.103
413 439.119 537
414 440.5 536.765
415 441.3 536.7
416 441.5 536.629
417 440.783 536.565
418 439.87 536.783
419 439 536.929
420 438.5 536.629
421 437.884 536.652
422 437.429 536.714
423 436.812 536.812
424 436 537
425 435.224 537.06
426 434.829 537.386
427 434.783 537.565
428 435.13 537.783
429 436.06 537.776
430 437.2 537.5
431 438.149 537.328
432 438.848 537.061
433 439 537
434 439 537
435 438.941 536.971
436 438.881 537
437 438.881 537
438 438.687 536.955
439 438.191 537
440 437.91 537.09
441 437.702 537.209
442 437.868 537.147
443 438.5 537.235
444 439 537
445 439.435 537.217
446 439.721 537.103
447 439.636 536.909
448 439.397 536.838
449 439.088 536.838
450 438.912 536.838
451 438.314 536.771
452 437.91 536.91
453 437.565 536.783
454 437.647 536.897
455 437.941 536.971
456 438 537
457 438 537
458 437.597 536.851
459 437 537
460 436.261 536.986
461 436.119 537
462 436.059 537.029
463 436.265 537.118
464 436.632 537.206
465 437.09 537.09
466 438 537
467 438.941 536.971
468 439.119 537
469 439.059 536.971
470 438.848 536.939
471 438 537
472 437.687 536.955
473 437 537
474 436.91 537.09
475 436.806 537.119
476 436.702 537.209
477 437.06 537.224
478 437.75 537.162
479 438.848 537.061
480 439.529 536.838
481 439.91 536.91
482 439.493 536.696
483 439.06 536.776
484 438.87 536.783
485 438.91 536.91
486 439 537
487 439 537
488 439.119 537
489 439.119 537
490 439.09 536.91
491 438.868 536.853
492 438.06 536.776
493 437.493 536.696
494 437 537
495 437 537
496 437 537
497 436.941 536.971
498 437 537
499 437 537
500 437 537
